 0.00000000e+00  1.77266535e-07  0.00000000e+00  1.30468322e+01  0.00000000e+00  1.04272823e-01  0.00000000e+00  3.70624829e-07  0.00000000e+00  4.02904397e-02 
 5.00000000e-03  1.89641358e-07  5.00000000e-03  1.39444583e+01  5.00000000e-03  1.11438315e-01  5.00000000e-03  4.25057902e-07  5.00000000e-03  4.02904404e-02 
 1.00000000e-02  2.03791151e-07  1.00000000e-02  1.48371618e+01  1.00000000e-02  1.18563482e-01  1.00000000e-02  4.87446793e-07  1.00000000e-02  4.02904411e-02 
 1.50000000e-02  2.19968488e-07  1.50000000e-02  1.57172156e+01  1.50000000e-02  1.25586621e-01  1.50000000e-02  5.58947293e-07  1.50000000e-02  4.02904419e-02 
 2.00000000e-02  2.38466191e-07  2.00000000e-02  1.65770620e+01  2.00000000e-02  1.32447398e-01  2.00000000e-02  6.40881781e-07  2.00000000e-02  4.02904429e-02 
 2.50000000e-02  2.59617328e-07  2.50000000e-02  1.74099394e+01  2.50000000e-02  1.39091861e-01  2.50000000e-02  7.34762967e-07  2.50000000e-02  4.02904440e-02 
 3.00000000e-02  2.83800761e-07  3.00000000e-02  1.82100893e+01  3.00000000e-02  1.45474088e-01  3.00000000e-02  8.42320989e-07  3.00000000e-02  4.02904453e-02 
 3.50000000e-02  3.11453641e-07  3.50000000e-02  1.89725159e+01  3.50000000e-02  1.51554263e-01  3.50000000e-02  9.65534284e-07  3.50000000e-02  4.02904467e-02 
 4.00000000e-02  3.43068629e-07  4.00000000e-02  1.96937268e+01  4.00000000e-02  1.57304591e-01  4.00000000e-02  1.10666479e-06  4.00000000e-02  4.02904484e-02 
 4.50000000e-02  3.79216103e-07  4.50000000e-02  2.03709110e+01  4.50000000e-02  1.62702727e-01  4.50000000e-02  1.26829806e-06  4.50000000e-02  4.02904502e-02 
 5.00000000e-02  4.20551094e-07  5.00000000e-02  2.10021776e+01  5.00000000e-02  1.67733681e-01  5.00000000e-02  1.45338888e-06  5.00000000e-02  4.02904524e-02 
 5.50000000e-02  4.67806349e-07  5.50000000e-02  2.15873959e+01  5.50000000e-02  1.72396523e-01  5.50000000e-02  1.66531332e-06  5.50000000e-02  4.02904549e-02 
 6.00000000e-02  5.21839516e-07  6.00000000e-02  2.21263562e+01  6.00000000e-02  1.76689694e-01  6.00000000e-02  1.90792784e-06  6.00000000e-02  4.02904577e-02 
 6.50000000e-02  5.83616488e-07  6.50000000e-02  2.26202205e+01  6.50000000e-02  1.80622586e-01  6.50000000e-02  2.18563664e-06  6.50000000e-02  4.02904609e-02 
 7.00000000e-02  6.54250265e-07  7.00000000e-02  2.30703843e+01  7.00000000e-02  1.84206452e-01  7.00000000e-02  2.50346813e-06  7.00000000e-02  4.02904646e-02 
 7.50000000e-02  7.35006500e-07  7.50000000e-02  2.34789412e+01  7.50000000e-02  1.87458119e-01  7.50000000e-02  2.86716192e-06  7.50000000e-02  4.02904688e-02 
 8.00000000e-02  8.27336810e-07  8.00000000e-02  2.38481483e+01  8.00000000e-02  1.90395711e-01  8.00000000e-02  3.28326758e-06  8.00000000e-02  4.02904736e-02 
 8.50000000e-02  9.32900979e-07  8.50000000e-02  2.41804794e+01  8.50000000e-02  1.93039079e-01  8.50000000e-02  3.75925687e-06  8.50000000e-02  4.02904791e-02 
 9.00000000e-02  1.05359194e-06  9.00000000e-02  2.44786417e+01  9.00000000e-02  1.95409933e-01  9.00000000e-02  4.30365094e-06  9.00000000e-02  4.02904854e-02 
 9.50000000e-02  1.19157739e-06  9.50000000e-02  2.47452794e+01  9.50000000e-02  1.97529476e-01  9.50000000e-02  4.92616479e-06  9.50000000e-02  4.02904926e-02 
 1.00000000e-01  1.34933315e-06  1.00000000e-01  2.49830556e+01  1.00000000e-01  1.99419056e-01  1.00000000e-01  5.63787093e-06  1.00000000e-01  4.02905008e-02 
 1.05000000e-01  1.52968749e-06  1.05000000e-01  2.51945781e+01  1.05000000e-01  2.01099576e-01  1.05000000e-01  6.45138482e-06  1.05000000e-01  4.02905102e-02 
 1.10000000e-01  1.73588227e-06  1.10000000e-01  2.53821956e+01  1.10000000e-01  2.02589870e-01  1.10000000e-01  7.38107494e-06  1.10000000e-01  4.02905210e-02 
 1.15000000e-01  1.97161037e-06  1.15000000e-01  2.55483127e+01  1.15000000e-01  2.03909214e-01  1.15000000e-01  8.44330045e-06  1.15000000e-01  4.02905333e-02 
 1.20000000e-01  2.24110036e-06  1.20000000e-01  2.56950633e+01  1.20000000e-01  2.05074723e-01  1.20000000e-01  9.65668004e-06  1.20000000e-01  4.02905473e-02 
 1.25000000e-01  2.54918031e-06  1.25000000e-01  2.58244759e+01  1.25000000e-01  2.06102666e-01  1.25000000e-01  1.10423958e-05  1.25000000e-01  4.02905634e-02 
 1.30000000e-01  2.90137636e-06  1.30000000e-01  2.59383302e+01  1.30000000e-01  2.07007333e-01  1.30000000e-01  1.26245368e-05  1.30000000e-01  4.02905818e-02 
 1.35000000e-01  3.30399597e-06  1.35000000e-01  2.60383249e+01  1.35000000e-01  2.07802361e-01  1.35000000e-01  1.44304862e-05  1.35000000e-01  4.02906027e-02 
 1.40000000e-01  3.76424864e-06  1.40000000e-01  2.61259795e+01  1.40000000e-01  2.08499996e-01  1.40000000e-01  1.64913590e-05  1.40000000e-01  4.02906267e-02 
 1.45000000e-01  4.29037361e-06  1.45000000e-01  2.62026646e+01  1.45000000e-01  2.09111238e-01  1.45000000e-01  1.88424946e-05  1.45000000e-01  4.02906542e-02 
 1.50000000e-01  4.89179114e-06  1.50000000e-01  2.62695803e+01  1.50000000e-01  2.09645747e-01  1.50000000e-01  2.15240130e-05  1.50000000e-01  4.02906855e-02 
 1.55000000e-01  5.57925650e-06  1.55000000e-01  2.63278465e+01  1.55000000e-01  2.10112550e-01  1.55000000e-01  2.45814404e-05  1.55000000e-01  4.02907214e-02 
 1.60000000e-01  6.36506264e-06  1.60000000e-01  2.63784388e+01  1.60000000e-01  2.10519532e-01  1.60000000e-01  2.80664129e-05  1.60000000e-01  4.02907624e-02 
 1.65000000e-01  7.26325944e-06  1.65000000e-01  2.64222066e+01  1.65000000e-01  2.10873572e-01  1.65000000e-01  3.20374683e-05  1.65000000e-01  4.02908092e-02 
 1.70000000e-01  8.28988683e-06  1.70000000e-01  2.64599433e+01  1.70000000e-01  2.11181107e-01  1.70000000e-01  3.65609358e-05  1.70000000e-01  4.02908627e-02 
 1.75000000e-01  9.46328016e-06  1.75000000e-01  2.64923124e+01  1.75000000e-01  2.11447543e-01  1.75000000e-01  4.17119353e-05  1.75000000e-01  4.02909239e-02 
 1.80000000e-01  1.08043782e-05  1.80000000e-01  2.65199165e+01  1.80000000e-01  2.11677808e-01  1.80000000e-01  4.75754984e-05  1.80000000e-01  4.02909938e-02 
 1.85000000e-01  1.23371008e-05  1.85000000e-01  2.65432788e+01  1.85000000e-01  2.11876201e-01  1.85000000e-01  5.42478260e-05  1.85000000e-01  4.02910738e-02 
 1.90000000e-01  1.40887677e-05  1.90000000e-01  2.65628590e+01  1.90000000e-01  2.12046523e-01  1.90000000e-01  6.18376977e-05  1.90000000e-01  4.02911651e-02 
 1.95000000e-01  1.60905803e-05  1.95000000e-01  2.65790588e+01  1.95000000e-01  2.12192117e-01  1.95000000e-01  7.04680508e-05  1.95000000e-01  4.02912695e-02 
 2.00000000e-01  1.83781684e-05  2.00000000e-01  2.65922306e+01  2.00000000e-01  2.12315943e-01  2.00000000e-01  8.02777465e-05  2.00000000e-01  4.02913887e-02 
 2.05000000e-01  2.09922177e-05  2.05000000e-01  2.66026792e+01  2.05000000e-01  2.12420590e-01  2.05000000e-01  9.14235473e-05  2.05000000e-01  4.02915250e-02 
 2.10000000e-01  2.39791825e-05  2.10000000e-01  2.66106671e+01  2.10000000e-01  2.12508317e-01  2.10000000e-01  1.04082326e-04  2.10000000e-01  4.02916808e-02 
 2.15000000e-01  2.73920997e-05  2.15000000e-01  2.66164187e+01  2.15000000e-01  2.12581091e-01  2.15000000e-01  1.18453536e-04  2.15000000e-01  4.02918587e-02 
 2.20000000e-01  3.12915097e-05  2.20000000e-01  2.66201291e+01  2.20000000e-01  2.12640652e-01  2.20000000e-01  1.34761965e-04  2.20000000e-01  4.02920621e-02 
 2.25000000e-01  3.57465169e-05  2.25000000e-01  2.66219615e+01  2.25000000e-01  2.12688499e-01  2.25000000e-01  1.53260814e-04  2.25000000e-01  4.02922943e-02 
 2.30000000e-01  4.08359777e-05  2.30000000e-01  2.66220607e+01  2.30000000e-01  2.12725991e-01  2.30000000e-01  1.74235126e-04  2.30000000e-01  4.02925597e-02 
 2.35000000e-01  4.66498937e-05  2.35000000e-01  2.66205363e+01  2.35000000e-01  2.12754224e-01  2.35000000e-01  1.98005614e-04  2.35000000e-01  4.02928628e-02 
 2.40000000e-01  5.32909383e-05  2.40000000e-01  2.66174872e+01  2.40000000e-01  2.12774214e-01  2.40000000e-01  2.24932917e-04  2.40000000e-01  4.02932091e-02 
 2.45000000e-01  6.08762457e-05  2.45000000e-01  2.66129903e+01  2.45000000e-01  2.12786818e-01  2.45000000e-01  2.55422345e-04  2.45000000e-01  4.02936045e-02 
 2.50000000e-01  6.95394214e-05  2.50000000e-01  2.66071056e+01  2.50000000e-01  2.12792770e-01  2.50000000e-01  2.89929161e-04  2.50000000e-01  4.02940562e-02 
 2.55000000e-01  7.94328311e-05  2.55000000e-01  2.65998789e+01  2.55000000e-01  2.12792700e-01  2.55000000e-01  3.28964450e-04  2.55000000e-01  4.02945720e-02 
 2.60000000e-01  9.07302067e-05  2.60000000e-01  2.65913417e+01  2.60000000e-01  2.12787143e-01  2.60000000e-01  3.73101650e-04  2.60000000e-01  4.02951610e-02 
 2.65000000e-01  1.03629594e-04  2.65000000e-01  2.65815162e+01  2.65000000e-01  2.12776570e-01  2.65000000e-01  4.22983801e-04  2.65000000e-01  4.02958334e-02 
 2.70000000e-01  1.18356734e-04  2.70000000e-01  2.65704094e+01  2.70000000e-01  2.12761342e-01  2.70000000e-01  4.79331605e-04  2.70000000e-01  4.02966012e-02 
 2.75000000e-01  1.35168854e-04  2.75000000e-01  2.65580214e+01  2.75000000e-01  2.12741784e-01  2.75000000e-01  5.42952360e-04  2.75000000e-01  4.02974775e-02 
 2.80000000e-01  1.54359012e-04  2.80000000e-01  2.65443412e+01  2.80000000e-01  2.12718140e-01  2.80000000e-01  6.14749883e-04  2.80000000e-01  4.02984778e-02 
 2.85000000e-01  1.76260995e-04  2.85000000e-01  2.65293504e+01  2.85000000e-01  2.12690612e-01  2.85000000e-01  6.95735497e-04  2.85000000e-01  4.02996194e-02 
 2.90000000e-01  2.01254885e-04  2.90000000e-01  2.65130227e+01  2.90000000e-01  2.12659350e-01  2.90000000e-01  7.87040217e-04  2.90000000e-01  4.03009221e-02 
 2.95000000e-01  2.29773381e-04  2.95000000e-01  2.64953226e+01  2.95000000e-01  2.12624443e-01  2.95000000e-01  8.89928233e-04  2.95000000e-01  4.03024084e-02 
 3.00000000e-01  2.62308895e-04  3.00000000e-01  2.64762110e+01  3.00000000e-01  2.12585961e-01  3.00000000e-01  1.00581184e-03  3.00000000e-01  4.03041040e-02 
 3.05000000e-01  2.99421681e-04  3.05000000e-01  2.64556397e+01  3.05000000e-01  2.12543914e-01  3.05000000e-01  1.13626791e-03  3.05000000e-01  4.03060379e-02 
 3.10000000e-01  3.41748924e-04  3.10000000e-01  2.64335559e+01  3.10000000e-01  2.12498284e-01  3.10000000e-01  1.28305619e-03  3.10000000e-01  4.03082433e-02 
 3.15000000e-01  3.90015087e-04  3.15000000e-01  2.64099011e+01  3.15000000e-01  2.12449010e-01  3.15000000e-01  1.44813934e-03  3.15000000e-01  4.03107579e-02 
 3.20000000e-01  4.45043555e-04  3.20000000e-01  2.63846116e+01  3.20000000e-01  2.12396000e-01  3.20000000e-01  1.63370520e-03  3.20000000e-01  4.03136244e-02 
 3.25000000e-01  5.07769790e-04  3.25000000e-01  2.63576190e+01  3.25000000e-01  2.12339122e-01  3.25000000e-01  1.84219127e-03  3.25000000e-01  4.03168915e-02 
 3.30000000e-01  5.79256157e-04  3.30000000e-01  2.63288504e+01  3.30000000e-01  2.12278209e-01  3.30000000e-01  2.07631160e-03  3.30000000e-01  4.03206143e-02 
 3.35000000e-01  6.60708616e-04  3.35000000e-01  2.62982293e+01  3.35000000e-01  2.12213060e-01  3.35000000e-01  2.33908650e-03  3.35000000e-01  4.03248553e-02 
 3.40000000e-01  7.53495538e-04  3.40000000e-01  2.62656753e+01  3.40000000e-01  2.12143433e-01  3.40000000e-01  2.63387507e-03  3.40000000e-01  4.03296854e-02 
 3.45000000e-01  8.59168829e-04  3.45000000e-01  2.62311051e+01  3.45000000e-01  2.12069050e-01  3.45000000e-01  2.96441103e-03  3.45000000e-01  4.03351851e-02 
 3.50000000e-01  9.79487677e-04  3.50000000e-01  2.61944329e+01  3.50000000e-01  2.11989593e-01  3.50000000e-01  3.33484192e-03  3.50000000e-01  4.03414453e-02 
 3.55000000e-01  1.11644521e-03  3.55000000e-01  2.61555709e+01  3.55000000e-01  2.11904698e-01  3.55000000e-01  3.74977208e-03  3.55000000e-01  4.03485690e-02 
 3.60000000e-01  1.27229837e-03  3.60000000e-01  2.61144297e+01  3.60000000e-01  2.11813956e-01  3.60000000e-01  4.21430974e-03  3.60000000e-01  4.03566728e-02 
 3.65000000e-01  1.44960139e-03  3.65000000e-01  2.60709194e+01  3.65000000e-01  2.11716912e-01  3.65000000e-01  4.73411845e-03  3.65000000e-01  4.03658883e-02 
 3.70000000e-01  1.65124320e-03  3.70000000e-01  2.60249501e+01  3.70000000e-01  2.11613054e-01  3.70000000e-01  5.31547323e-03  3.70000000e-01  4.03763641e-02 
 3.75000000e-01  1.88048929e-03  3.75000000e-01  2.59764330e+01  3.75000000e-01  2.11501817e-01  3.75000000e-01  5.96532191e-03  3.75000000e-01  4.03882679e-02 
 3.80000000e-01  2.14102841e-03  3.80000000e-01  2.59252810e+01  3.80000000e-01  2.11382573e-01  3.80000000e-01  6.69135197e-03  3.80000000e-01  4.04017889e-02 
 3.85000000e-01  2.43702463e-03  3.85000000e-01  2.58714100e+01  3.85000000e-01  2.11254627e-01  3.85000000e-01  7.50206328e-03  3.85000000e-01  4.04171399e-02 
 3.90000000e-01  2.77317534e-03  3.90000000e-01  2.58147401e+01  3.90000000e-01  2.11117212e-01  3.90000000e-01  8.40684739e-03  3.90000000e-01  4.04345605e-02 
 3.95000000e-01  3.15477574e-03  3.95000000e-01  2.57551965e+01  3.95000000e-01  2.10969483e-01  3.95000000e-01  9.41607373e-03  3.95000000e-01  4.04543198e-02 
 4.00000000e-01  3.58779058e-03  4.00000000e-01  2.56927115e+01  4.00000000e-01  2.10810508e-01  4.00000000e-01  1.05411833e-02  4.00000000e-01  4.04767199e-02 
 4.05000000e-01  4.07893362e-03  4.05000000e-01  2.56272252e+01  4.05000000e-01  2.10639263e-01  4.05000000e-01  1.17947908e-02  4.05000000e-01  4.05020996e-02 
 4.10000000e-01  4.63575598e-03  4.10000000e-01  2.55586875e+01  4.10000000e-01  2.10454625e-01  4.10000000e-01  1.31907951e-02  4.10000000e-01  4.05308380e-02 
 4.15000000e-01  5.26674372e-03  4.15000000e-01  2.54870596e+01  4.15000000e-01  2.10255362e-01  4.15000000e-01  1.47445004e-02  4.15000000e-01  4.05633593e-02 
 4.20000000e-01  5.98142606e-03  4.20000000e-01  2.54123156e+01  4.20000000e-01  2.10040122e-01  4.20000000e-01  1.64727470e-02  4.20000000e-01  4.06001367e-02 
 4.25000000e-01  6.79049485e-03  4.25000000e-01  2.53344442e+01  4.25000000e-01  2.09807430e-01  4.25000000e-01  1.83940546e-02  4.25000000e-01  4.06416979e-02 
 4.30000000e-01  7.70593663e-03  4.30000000e-01  2.52534503e+01  4.30000000e-01  2.09555675e-01  4.30000000e-01  2.05287784e-02  4.30000000e-01  4.06886300e-02 
 4.35000000e-01  8.74117843e-03  4.35000000e-01  2.51693564e+01  4.35000000e-01  2.09283103e-01  4.35000000e-01  2.28992791e-02  4.35000000e-01  4.07415852e-02 
 4.40000000e-01  9.91124849e-03  4.40000000e-01  2.50822044e+01  4.40000000e-01  2.08987805e-01  4.40000000e-01  2.55301099e-02  4.40000000e-01  4.08012865e-02 
 4.45000000e-01  1.12329536e-02  4.45000000e-01  2.49920562e+01  4.45000000e-01  2.08667714e-01  4.45000000e-01  2.84482202e-02  4.45000000e-01  4.08685341e-02 
 4.50000000e-01  1.27250747e-02  4.50000000e-01  2.48989953e+01  4.50000000e-01  2.08320593e-01  4.50000000e-01  3.16831796e-02  4.50000000e-01  4.09442112e-02 
 4.55000000e-01  1.44085818e-02  4.55000000e-01  2.48031267e+01  4.55000000e-01  2.07944029e-01  4.55000000e-01  3.52674244e-02  4.55000000e-01  4.10292911e-02 
 4.60000000e-01  1.63068717e-02  4.60000000e-01  2.47045774e+01  4.60000000e-01  2.07535433e-01  4.60000000e-01  3.92365275e-02  4.60000000e-01  4.11248431e-02 
 4.65000000e-01  1.84460291e-02  4.65000000e-01  2.46034956e+01  4.65000000e-01  2.07092032e-01  4.65000000e-01  4.36294959e-02  4.65000000e-01  4.12320399e-02 
 4.70000000e-01  2.08551142e-02  4.70000000e-01  2.45000496e+01  4.70000000e-01  2.06610871e-01  4.70000000e-01  4.84890977e-02  4.70000000e-01  4.13521630e-02 
 4.75000000e-01  2.35664800e-02  4.75000000e-01  2.43944255e+01  4.75000000e-01  2.06088820e-01  4.75000000e-01  5.38622205e-02  4.75000000e-01  4.14866098e-02 
 4.80000000e-01  2.66161207e-02  4.80000000e-01  2.42868243e+01  4.80000000e-01  2.05522578e-01  4.80000000e-01  5.98002637e-02  4.80000000e-01  4.16368991e-02 
 4.85000000e-01  3.00440558e-02  4.85000000e-01  2.41774580e+01  4.85000000e-01  2.04908688e-01  4.85000000e-01  6.63595665e-02  4.85000000e-01  4.18046763e-02 
 4.90000000e-01  3.38947521e-02  4.90000000e-01  2.40665444e+01  4.90000000e-01  2.04243553e-01  4.90000000e-01  7.36018714e-02  4.90000000e-01  4.19917179e-02 
 4.95000000e-01  3.82175869e-02  4.95000000e-01  2.39543005e+01  4.95000000e-01  2.03523466e-01  4.95000000e-01  8.15948230e-02  4.95000000e-01  4.21999354e-02 
 5.00000000e-01  4.30673566e-02  5.00000000e-01  2.38409355e+01  5.00000000e-01  2.02744639e-01  5.00000000e-01  9.04124993e-02  5.00000000e-01  4.24313775e-02 
 5.05000000e-01  4.85048327e-02  5.05000000e-01  2.37266422e+01  5.05000000e-01  2.01903243e-01  5.05000000e-01  1.00135970e-01  5.05000000e-01  4.26882312e-02 
 5.10000000e-01  5.45973690e-02  5.10000000e-01  2.36115874e+01  5.10000000e-01  2.00995458e-01  5.10000000e-01  1.10853877e-01  5.10000000e-01  4.29728213e-02 
 5.15000000e-01  6.14195613e-02  5.15000000e-01  2.34959018e+01  5.15000000e-01  2.00017529e-01  5.15000000e-01  1.22663020e-01  5.15000000e-01  4.32876078e-02 
 5.20000000e-01  6.90539626e-02  5.20000000e-01  2.33796693e+01  5.20000000e-01  1.98965832e-01  5.20000000e-01  1.35668936e-01  5.20000000e-01  4.36351814e-02 
 5.25000000e-01  7.75918515e-02  5.25000000e-01  2.32629165e+01  5.25000000e-01  1.97836947e-01  5.25000000e-01  1.49986454e-01  5.25000000e-01  4.40182567e-02 
 5.30000000e-01  8.71340560e-02  5.30000000e-01  2.31456018e+01  5.30000000e-01  1.96627734e-01  5.30000000e-01  1.65740197e-01  5.30000000e-01  4.44396628e-02 
 5.35000000e-01  9.77918254e-02  5.35000000e-01  2.30276063e+01  5.35000000e-01  1.95335424e-01  5.35000000e-01  1.83064999e-01  5.35000000e-01  4.49023312e-02 
 5.40000000e-01  1.09687748e-01  5.40000000e-01  2.29087257e+01  5.40000000e-01  1.93957702e-01  5.40000000e-01  2.02106210e-01  5.40000000e-01  4.54092807e-02 
 5.45000000e-01  1.22956703e-01  5.45000000e-01  2.27886642e+01  5.45000000e-01  1.92492797e-01  5.45000000e-01  2.23019843e-01  5.45000000e-01  4.59636003e-02 
 5.50000000e-01  1.37746840e-01  5.50000000e-01  2.26670312e+01  5.50000000e-01  1.90939567e-01  5.50000000e-01  2.45972521e-01  5.50000000e-01  4.65684280e-02 
 5.55000000e-01  1.54220557e-01  5.55000000e-01  2.25433411e+01  5.55000000e-01  1.89297583e-01  5.55000000e-01  2.71141188e-01  5.55000000e-01  4.72269281e-02 
 5.60000000e-01  1.72555479e-01  5.60000000e-01  2.24170166e+01  5.60000000e-01  1.87567195e-01  5.60000000e-01  2.98712528e-01  5.60000000e-01  4.79422648e-02 
 5.65000000e-01  1.92945393e-01  5.65000000e-01  2.22873965e+01  5.65000000e-01  1.85749592e-01  5.65000000e-01  3.28882061e-01  5.65000000e-01  4.87175743e-02 
 5.70000000e-01  2.15601125e-01  5.70000000e-01  2.21537462e+01  5.70000000e-01  1.83846846e-01  5.70000000e-01  3.61852876e-01  5.70000000e-01  4.95559347e-02 
 5.75000000e-01  2.40751318e-01  5.75000000e-01  2.20152736e+01  5.75000000e-01  1.81861929e-01  5.75000000e-01  3.97833976e-01  5.75000000e-01  5.04603340e-02 
 5.80000000e-01  2.68643090e-01  5.80000000e-01  2.18711472e+01  5.80000000e-01  1.79798717e-01  5.80000000e-01  4.37038216e-01  5.80000000e-01  5.14336375e-02 
 5.85000000e-01  2.99542528e-01  5.85000000e-01  2.17205178e+01  5.85000000e-01  1.77661967e-01  5.85000000e-01  4.79679838e-01  5.85000000e-01  5.24785546e-02 
 5.90000000e-01  3.33734981e-01  5.90000000e-01  2.15625423e+01  5.90000000e-01  1.75457269e-01  5.90000000e-01  5.25971623e-01  5.90000000e-01  5.35976056e-02 
 5.95000000e-01  3.71525123e-01  5.95000000e-01  2.13964083e+01  5.95000000e-01  1.73190981e-01  5.95000000e-01  5.76121686e-01  5.95000000e-01  5.47930895e-02 
 6.00000000e-01  4.13236748e-01  6.00000000e-01  2.12213589e+01  6.00000000e-01  1.70870139e-01  6.00000000e-01  6.30329978e-01  6.00000000e-01  5.60670535e-02 
 6.05000000e-01  4.59212268e-01  6.05000000e-01  2.10367169e+01  6.05000000e-01  1.68502349e-01  6.05000000e-01  6.88784564e-01  6.05000000e-01  5.74212646e-02 
 6.10000000e-01  5.09811901e-01  6.10000000e-01  2.08419065e+01  6.10000000e-01  1.66095666e-01  6.10000000e-01  7.51657781e-01  6.10000000e-01  5.88571838e-02 
 6.15000000e-01  5.65412514e-01  6.15000000e-01  2.06364718e+01  6.15000000e-01  1.63658466e-01  6.15000000e-01  8.19102372e-01  6.15000000e-01  6.03759445e-02 
 6.20000000e-01  6.26406137e-01  6.20000000e-01  2.04200922e+01  6.20000000e-01  1.61199310e-01  6.20000000e-01  8.91247715e-01  6.20000000e-01  6.19783346e-02 
 6.25000000e-01  6.93198135e-01  6.25000000e-01  2.01925928e+01  6.25000000e-01  1.58726808e-01  6.25000000e-01  9.68196285e-01  6.25000000e-01  6.36647825e-02 
 6.30000000e-01  7.66205062e-01  6.30000000e-01  1.99539503e+01  6.30000000e-01  1.56249492e-01  6.30000000e-01  1.05002046e+00  6.30000000e-01  6.54353491e-02 
 6.35000000e-01  8.45852214e-01  6.35000000e-01  1.97042940e+01  6.35000000e-01  1.53775688e-01  6.35000000e-01  1.13675978e+00  6.35000000e-01  6.72897241e-02 
 6.40000000e-01  9.32570924e-01  6.40000000e-01  1.94439031e+01  6.40000000e-01  1.51313414e-01  6.40000000e-01  1.22841880e+00  6.40000000e-01  6.92272271e-02 
 6.45000000e-01  1.02679564e+00  6.45000000e-01  1.91731982e+01  6.45000000e-01  1.48870276e-01  6.45000000e-01  1.32496558e+00  6.45000000e-01  7.12468144e-02 
 6.50000000e-01  1.12896086e+00  6.50000000e-01  1.88927310e+01  6.50000000e-01  1.46453395e-01  6.50000000e-01  1.42633090e+00  6.50000000e-01  7.33470906e-02 
 6.55000000e-01  1.23949790e+00  6.55000000e-01  1.86031695e+01  6.55000000e-01  1.44069343e-01  6.55000000e-01  1.53240823e+00  6.55000000e-01  7.55263236e-02 
 6.60000000e-01  1.35883172e+00  6.60000000e-01  1.83052822e+01  6.60000000e-01  1.41724095e-01  6.60000000e-01  1.64305446e+00  6.60000000e-01  7.77824653e-02 
 6.65000000e-01  1.48737771e+00  6.65000000e-01  1.79999199e+01  6.65000000e-01  1.39423004e-01  6.65000000e-01  1.75809141e+00  6.65000000e-01  8.01131750e-02 
 6.70000000e-01  1.62553857e+00  6.70000000e-01  1.76879979e+01  6.70000000e-01  1.37170784e-01  6.70000000e-01  1.87730799e+00  6.70000000e-01  8.25158454e-02 
 6.75000000e-01  1.77370137e+00  6.75000000e-01  1.73704768e+01  6.75000000e-01  1.34971510e-01  6.75000000e-01  2.00046304e+00  6.75000000e-01  8.49876323e-02 
 6.80000000e-01  1.93223481e+00  6.80000000e-01  1.70483448e+01  6.80000000e-01  1.32828634e-01  6.80000000e-01  2.12728869e+00  6.80000000e-01  8.75254846e-02 
 6.85000000e-01  2.10148675e+00  6.85000000e-01  1.67226011e+01  6.85000000e-01  1.30745002e-01  6.85000000e-01  2.25749413e+00  6.85000000e-01  9.01261762e-02 
 6.90000000e-01  2.28178199e+00  6.90000000e-01  1.63942400e+01  6.90000000e-01  1.28722883e-01  6.90000000e-01  2.39076976e+00  6.90000000e-01  9.27863387e-02 
 6.95000000e-01  2.47342049e+00  6.95000000e-01  1.60642375e+01  6.95000000e-01  1.26764009e-01  6.95000000e-01  2.52679150e+00  6.95000000e-01  9.55024930e-02 
 7.00000000e-01  2.67667580e+00  7.00000000e-01  1.57335386e+01  7.00000000e-01  1.24869613e-01  7.00000000e-01  2.66522518e+00  7.00000000e-01  9.82710809e-02 
 7.05000000e-01  2.89179401e+00  7.05000000e-01  1.54030482e+01  7.05000000e-01  1.23040468e-01  7.05000000e-01  2.80573092e+00  7.05000000e-01  1.01088495e-01 
 7.10000000e-01  3.11899296e+00  7.10000000e-01  1.50736219e+01  7.10000000e-01  1.21276934e-01  7.10000000e-01  2.94796734e+00  7.10000000e-01  1.03951110e-01 
 7.15000000e-01  3.35846182e+00  7.15000000e-01  1.47460605e+01  7.15000000e-01  1.19579004e-01  7.15000000e-01  3.09159562e+00  7.15000000e-01  1.06855304e-01 
 7.20000000e-01  3.61036111e+00  7.20000000e-01  1.44211051e+01  7.20000000e-01  1.17946342e-01  7.20000000e-01  3.23628313e+00  7.20000000e-01  1.09797491e-01 
 7.25000000e-01  3.87482289e+00  7.25000000e-01  1.40994338e+01  7.25000000e-01  1.16378325e-01  7.25000000e-01  3.38170682e+00  7.25000000e-01  1.12774135e-01 
 7.30000000e-01  4.15195143e+00  7.30000000e-01  1.37816607e+01  7.30000000e-01  1.14874088e-01  7.30000000e-01  3.52755614e+00  7.30000000e-01  1.15781776e-01 
 7.35000000e-01  4.44182394e+00  7.35000000e-01  1.34683352e+01  7.35000000e-01  1.13432555e-01  7.35000000e-01  3.67353552e+00  7.35000000e-01  1.18817047e-01 
 7.40000000e-01  4.74449173e+00  7.40000000e-01  1.31599425e+01  7.40000000e-01  1.12052475e-01  7.40000000e-01  3.81936646e+00  7.40000000e-01  1.21876684e-01 
 7.45000000e-01  5.05998139e+00  7.45000000e-01  1.28569056e+01  7.45000000e-01  1.10732454e-01  7.45000000e-01  3.96478908e+00  7.45000000e-01  1.24957545e-01 
 7.50000000e-01  5.38829628e+00  7.50000000e-01  1.25595874e+01  7.50000000e-01  1.09470983e-01  7.50000000e-01  4.10956334e+00  7.50000000e-01  1.28056615e-01 
 7.55000000e-01  5.72941798e+00  7.55000000e-01  1.22682936e+01  7.55000000e-01  1.08266463e-01  7.55000000e-01  4.25346982e+00  7.55000000e-01  1.31171017e-01 
 7.60000000e-01  6.08330799e+00  7.60000000e-01  1.19832758e+01  7.60000000e-01  1.07117227e-01  7.60000000e-01  4.39631006e+00  7.60000000e-01  1.34298015e-01 
 7.65000000e-01  6.44990937e+00  7.65000000e-01  1.17047351e+01  7.65000000e-01  1.06021564e-01  7.65000000e-01  4.53790665e+00  7.65000000e-01  1.37435021e-01 
 7.70000000e-01  6.82914840e+00  7.70000000e-01  1.14328258e+01  7.70000000e-01  1.04977731e-01  7.70000000e-01  4.67810296e+00  7.70000000e-01  1.40579594e-01 
 7.75000000e-01  7.22093637e+00  7.75000000e-01  1.11676595e+01  7.75000000e-01  1.03983972e-01  7.75000000e-01  4.81676265e+00  7.75000000e-01  1.43729444e-01 
 7.80000000e-01  7.62517116e+00  7.80000000e-01  1.09093083e+01  7.80000000e-01  1.03038532e-01  7.80000000e-01  4.95376892e+00  7.80000000e-01  1.46882426e-01 
 7.85000000e-01  8.04173892e+00  7.85000000e-01  1.06578091e+01  7.85000000e-01  1.02139663e-01  7.85000000e-01  5.08902360e+00  7.85000000e-01  1.50036544e-01 
 7.90000000e-01  8.47051563e+00  7.90000000e-01  1.04131667e+01  7.90000000e-01  1.01285639e-01  7.90000000e-01  5.22244613e+00  7.90000000e-01  1.53189943e-01 
 7.95000000e-01  8.91136857e+00  7.95000000e-01  1.01753580e+01  7.95000000e-01  1.00474761e-01  7.95000000e-01  5.35397241e+00  7.95000000e-01  1.56340909e-01 
 8.00000000e-01  9.36415775e+00  8.00000000e-01  9.94433460e+00  8.00000000e-01  9.97053647e-02  8.00000000e-01  5.48355355e+00  8.00000000e-01  1.59487861e-01 
 8.05000000e-01  9.82873723e+00  8.05000000e-01  9.72002633e+00  8.05000000e-01  9.89758249e-02  8.05000000e-01  5.61115466e+00  8.05000000e-01  1.62629347e-01 
 8.10000000e-01  1.03049563e+01  8.10000000e-01  9.50234410e+00  8.10000000e-01  9.82845598e-02  8.10000000e-01  5.73675354e+00  8.10000000e-01  1.65764041e-01 
 8.15000000e-01  1.07926607e+01  8.15000000e-01  9.29118254e+00  8.15000000e-01  9.76300343e-02  8.15000000e-01  5.86033946e+00  8.15000000e-01  1.68890733e-01 
 8.20000000e-01  1.12916935e+01  8.20000000e-01  9.08642254e+00  8.20000000e-01  9.70107625e-02  8.20000000e-01  5.98191189e+00  8.20000000e-01  1.72008326e-01 
 8.25000000e-01  1.18018961e+01  8.25000000e-01  8.88793352e+00  8.25000000e-01  9.64253093e-02  8.25000000e-01  6.10147929e+00  8.25000000e-01  1.75115829e-01 
 8.30000000e-01  1.23231091e+01  8.30000000e-01  8.69557547e+00  8.30000000e-01  9.58722910e-02  8.30000000e-01  6.21905804e+00  8.30000000e-01  1.78212349e-01 
 8.35000000e-01  1.28551730e+01  8.35000000e-01  8.50920087e+00  8.35000000e-01  9.53503764e-02  8.35000000e-01  6.33467128e+00  8.35000000e-01  1.81297088e-01 
 8.40000000e-01  1.33979288e+01  8.40000000e-01  8.32865632e+00  8.40000000e-01  9.48582866e-02  8.40000000e-01  6.44834794e+00  8.40000000e-01  1.84369335e-01 
 8.45000000e-01  1.39512185e+01  8.45000000e-01  8.15378409e+00  8.45000000e-01  9.43947944e-02  8.45000000e-01  6.56012177e+00  8.45000000e-01  1.87428461e-01 
 8.50000000e-01  1.45148858e+01  8.50000000e-01  7.98442341e+00  8.50000000e-01  9.39587242e-02  8.50000000e-01  6.67003052e+00  8.50000000e-01  1.90473912e-01 
 8.55000000e-01  1.50887764e+01  8.55000000e-01  7.82041169e+00  8.55000000e-01  9.35489508e-02  8.55000000e-01  6.77811509e+00  8.55000000e-01  1.93505204e-01 
 8.60000000e-01  1.56727382e+01  8.60000000e-01  7.66158552e+00  8.60000000e-01  9.31643984e-02  8.60000000e-01  6.88441887e+00  8.60000000e-01  1.96521920e-01 
 8.65000000e-01  1.62666218e+01  8.65000000e-01  7.50778157e+00  8.65000000e-01  9.28040393e-02  8.65000000e-01  6.98898703e+00  8.65000000e-01  1.99523700e-01 
 8.70000000e-01  1.68702805e+01  8.70000000e-01  7.35883741e+00  8.70000000e-01  9.24668927e-02  8.70000000e-01  7.09186602e+00  8.70000000e-01  2.02510240e-01 
 8.75000000e-01  1.74835709e+01  8.75000000e-01  7.21459213e+00  8.75000000e-01  9.21520230e-02  8.75000000e-01  7.19310298e+00  8.75000000e-01  2.05481289e-01 
 8.80000000e-01  1.81063524e+01  8.80000000e-01  7.07488696e+00  8.80000000e-01  9.18585385e-02  8.80000000e-01  7.29274537e+00  8.80000000e-01  2.08436638e-01 
 8.85000000e-01  1.87384877e+01  8.85000000e-01  6.93956568e+00  8.85000000e-01  9.15855899e-02  8.85000000e-01  7.39084050e+00  8.85000000e-01  2.11376124e-01 
 8.90000000e-01  1.93798428e+01  8.90000000e-01  6.80847511e+00  8.90000000e-01  9.13323683e-02  8.90000000e-01  7.48743529e+00  8.90000000e-01  2.14299620e-01 
 8.95000000e-01  2.00302871e+01  8.95000000e-01  6.68146537e+00  8.95000000e-01  9.10981040e-02  8.95000000e-01  7.58257589e+00  8.95000000e-01  2.17207036e-01 
 9.00000000e-01  2.06896931e+01  9.00000000e-01  6.55839015e+00  9.00000000e-01  9.08820647e-02  9.00000000e-01  7.67630751e+00  9.00000000e-01  2.20098310e-01 
 9.05000000e-01  2.13579366e+01  9.05000000e-01  6.43910698e+00  9.05000000e-01  9.06835540e-02  9.05000000e-01  7.76867419e+00  9.05000000e-01  2.22973413e-01 
 9.10000000e-01  2.20348966e+01  9.10000000e-01  6.32347729e+00  9.10000000e-01  9.05019098e-02  9.10000000e-01  7.85971865e+00  9.10000000e-01  2.25832340e-01 
 9.15000000e-01  2.27204554e+01  9.15000000e-01  6.21136661e+00  9.15000000e-01  9.03365028e-02  9.15000000e-01  7.94948217e+00  9.15000000e-01  2.28675107e-01 
 9.20000000e-01  2.34144981e+01  9.20000000e-01  6.10264461e+00  9.20000000e-01  9.01867348e-02  9.20000000e-01  8.03800446e+00  9.20000000e-01  2.31501754e-01 
 9.25000000e-01  2.41169129e+01  9.25000000e-01  5.99718513e+00  9.25000000e-01  9.00520378e-02  9.25000000e-01  8.12532365e+00  9.25000000e-01  2.34312337e-01 
 9.30000000e-01  2.48275911e+01  9.30000000e-01  5.89486622e+00  9.30000000e-01  8.99318720e-02  9.30000000e-01  8.21147617e+00  9.30000000e-01  2.37106931e-01 
 9.35000000e-01  2.55464263e+01  9.35000000e-01  5.79557011e+00  9.35000000e-01  8.98257247e-02  9.35000000e-01  8.29649678e+00  9.35000000e-01  2.39885623e-01 
 9.40000000e-01  2.62733151e+01  9.40000000e-01  5.69918321e+00  9.40000000e-01  8.97331090e-02  9.40000000e-01  8.38041854e+00  9.40000000e-01  2.42648515e-01 
 9.45000000e-01  2.70081567e+01  9.45000000e-01  5.60559603e+00  9.45000000e-01  8.96535626e-02  9.45000000e-01  8.46327282e+00  9.45000000e-01  2.45395720e-01 
 9.50000000e-01  2.77508524e+01  9.50000000e-01  5.51470310e+00  9.50000000e-01  8.95866465e-02  9.50000000e-01  8.54508929e+00  9.50000000e-01  2.48127360e-01 
 9.55000000e-01  2.85013063e+01  9.55000000e-01  5.42640297e+00  9.55000000e-01  8.95319437e-02  9.55000000e-01  8.62589600e+00  9.55000000e-01  2.50843566e-01 
 9.60000000e-01  2.92594242e+01  9.60000000e-01  5.34059802e+00  9.60000000e-01  8.94890585e-02  9.60000000e-01  8.70571938e+00  9.60000000e-01  2.53544477e-01 
 9.65000000e-01  3.00251145e+01  9.65000000e-01  5.25719446e+00  9.65000000e-01  8.94576151e-02  9.65000000e-01  8.78458428e+00  9.65000000e-01  2.56230239e-01 
 9.70000000e-01  3.07982872e+01  9.70000000e-01  5.17610218e+00  9.70000000e-01  8.94372568e-02  9.70000000e-01  8.86251406e+00  9.70000000e-01  2.58901002e-01 
 9.75000000e-01  3.15788543e+01  9.75000000e-01  5.09723464e+00  9.75000000e-01  8.94276448e-02  9.75000000e-01  8.93953061e+00  9.75000000e-01  2.61556921e-01 
 9.80000000e-01  3.23667298e+01  9.80000000e-01  5.02050880e+00  9.80000000e-01  8.94284577e-02  9.80000000e-01  9.01565442e+00  9.80000000e-01  2.64198157e-01 
 9.85000000e-01  3.31618291e+01  9.85000000e-01  4.94584495e+00  9.85000000e-01  8.94393901e-02  9.85000000e-01  9.09090463e+00  9.85000000e-01  2.66824871e-01 
 9.90000000e-01  3.39640691e+01  9.90000000e-01  4.87316667e+00  9.90000000e-01  8.94601522e-02  9.90000000e-01  9.16529912e+00  9.90000000e-01  2.69437229e-01 
 9.95000000e-01  3.47733687e+01  9.95000000e-01  4.80240065e+00  9.95000000e-01  8.94904689e-02  9.95000000e-01  9.23885456e+00  9.95000000e-01  2.72035398e-01 
 1.00000000e+00  3.55896475e+01  1.00000000e+00  4.73347664e+00  1.00000000e+00  8.95300791e-02  1.00000000e+00  9.31158646e+00  1.00000000e+00  2.74619545e-01 
 1.00500000e+00  3.64128271e+01  1.00500000e+00  4.66632726e+00  1.00500000e+00  8.95787349e-02  1.00500000e+00  9.38350923e+00  1.00500000e+00  2.77189842e-01 
 1.01000000e+00  3.72428297e+01  1.01000000e+00  4.60088797e+00  1.01000000e+00  8.96362009e-02  1.01000000e+00  9.45463629e+00  1.01000000e+00  2.79746458e-01 
 1.01500000e+00  3.80795792e+01  1.01500000e+00  4.53709691e+00  1.01500000e+00  8.97022538e-02  1.01500000e+00  9.52498007e+00  1.01500000e+00  2.82289563e-01 
 1.02000000e+00  3.89230003e+01  1.02000000e+00  4.47489483e+00  1.02000000e+00  8.97766816e-02  1.02000000e+00  9.59455212e+00  1.02000000e+00  2.84819329e-01 
 1.02500000e+00  3.97730186e+01  1.02500000e+00  4.41422493e+00  1.02500000e+00  8.98592830e-02  1.02500000e+00  9.66336313e+00  1.02500000e+00  2.87335926e-01 
 1.03000000e+00  4.06295610e+01  1.03000000e+00  4.35503281e+00  1.03000000e+00  8.99498672e-02  1.03000000e+00  9.73142301e+00  1.03000000e+00  2.89839523e-01 
 1.03500000e+00  4.14925551e+01  1.03500000e+00  4.29726637e+00  1.03500000e+00  9.00482529e-02  1.03500000e+00  9.79874094e+00  1.03500000e+00  2.92330290e-01 
 1.04000000e+00  4.23619292e+01  1.04000000e+00  4.24087566e+00  1.04000000e+00  9.01542684e-02  1.04000000e+00  9.86532541e+00  1.04000000e+00  2.94808395e-01 
 1.04500000e+00  4.32376127e+01  1.04500000e+00  4.18581287e+00  1.04500000e+00  9.02677504e-02  1.04500000e+00  9.93118429e+00  1.04500000e+00  2.97274006e-01 
 1.05000000e+00  4.41195355e+01  1.05000000e+00  4.13203217e+00  1.05000000e+00  9.03885446e-02  1.05000000e+00  9.99632486e+00  1.05000000e+00  2.99727287e-01 
 1.05500000e+00  4.50076283e+01  1.05500000e+00  4.07948964e+00  1.05500000e+00  9.05165041e-02  1.05500000e+00  1.00607539e+01  1.05500000e+00  3.02168405e-01 
 1.06000000e+00  4.59018224e+01  1.06000000e+00  4.02814321e+00  1.06000000e+00  9.06514901e-02  1.06000000e+00  1.01244776e+01  1.06000000e+00  3.04597522e-01 
 1.06500000e+00  4.68020497e+01  1.06500000e+00  3.97795256e+00  1.06500000e+00  9.07933710e-02  1.06500000e+00  1.01875018e+01  1.06500000e+00  3.07014801e-01 
 1.07000000e+00  4.77082427e+01  1.07000000e+00  3.92887905e+00  1.07000000e+00  9.09420218e-02  1.07000000e+00  1.02498318e+01  1.07000000e+00  3.09420402e-01 
 1.07500000e+00  4.86203346e+01  1.07500000e+00  3.88088563e+00  1.07500000e+00  9.10973245e-02  1.07500000e+00  1.03114728e+01  1.07500000e+00  3.11814484e-01 
 1.08000000e+00  4.95382588e+01  1.08000000e+00  3.83393680e+00  1.08000000e+00  9.12591674e-02  1.08000000e+00  1.03724292e+01  1.08000000e+00  3.14197204e-01 
 1.08500000e+00  5.04619495e+01  1.08500000e+00  3.78799851e+00  1.08500000e+00  9.14274446e-02  1.08500000e+00  1.04327056e+01  1.08500000e+00  3.16568718e-01 
 1.09000000e+00  5.13913412e+01  1.09000000e+00  3.74303809e+00  1.09000000e+00  9.16020561e-02  1.09000000e+00  1.04923059e+01  1.09000000e+00  3.18929179e-01 
 1.09500000e+00  5.23263688e+01  1.09500000e+00  3.69902425e+00  1.09500000e+00  9.17829074e-02  1.09500000e+00  1.05512339e+01  1.09500000e+00  3.21278742e-01 
 1.10000000e+00  5.32669678e+01  1.10000000e+00  3.65592693e+00  1.10000000e+00  9.19699094e-02  1.10000000e+00  1.06094933e+01  1.10000000e+00  3.23617555e-01 
 1.10500000e+00  5.42130740e+01  1.10500000e+00  3.61371730e+00  1.10500000e+00  9.21629779e-02  1.10500000e+00  1.06670874e+01  1.10500000e+00  3.25945768e-01 
 1.11000000e+00  5.51646235e+01  1.11000000e+00  3.57236770e+00  1.11000000e+00  9.23620335e-02  1.11000000e+00  1.07240194e+01  1.11000000e+00  3.28263528e-01 
 1.11500000e+00  5.61215529e+01  1.11500000e+00  3.53185156e+00  1.11500000e+00  9.25670016e-02  1.11500000e+00  1.07802923e+01  1.11500000e+00  3.30570981e-01 
 1.12000000e+00  5.70837991e+01  1.12000000e+00  3.49214340e+00  1.12000000e+00  9.27778120e-02  1.12000000e+00  1.08359091e+01  1.12000000e+00  3.32868271e-01 
 1.12500000e+00  5.80512995e+01  1.12500000e+00  3.45321871e+00  1.12500000e+00  9.29943986e-02  1.12500000e+00  1.08908724e+01  1.12500000e+00  3.35155540e-01 
 1.13000000e+00  5.90239916e+01  1.13000000e+00  3.41505399e+00  1.13000000e+00  9.32166996e-02  1.13000000e+00  1.09451850e+01  1.13000000e+00  3.37432929e-01 
 1.13500000e+00  6.00018134e+01  1.13500000e+00  3.37762661e+00  1.13500000e+00  9.34446570e-02  1.13500000e+00  1.09988495e+01  1.13500000e+00  3.39700577e-01 
 1.14000000e+00  6.09847031e+01  1.14000000e+00  3.34091487e+00  1.14000000e+00  9.36782167e-02  1.14000000e+00  1.10518682e+01  1.14000000e+00  3.41958621e-01 
 1.14500000e+00  6.19725994e+01  1.14500000e+00  3.30489788e+00  1.14500000e+00  9.39173283e-02  1.14500000e+00  1.11042436e+01  1.14500000e+00  3.44207198e-01 
 1.15000000e+00  6.29654410e+01  1.15000000e+00  3.26955556e+00  1.15000000e+00  9.41619447e-02  1.15000000e+00  1.11559782e+01  1.15000000e+00  3.46446442e-01 
 1.15500000e+00  6.39631671e+01  1.15500000e+00  3.23486859e+00  1.15500000e+00  9.44120223e-02  1.15500000e+00  1.12070741e+01  1.15500000e+00  3.48676486e-01 
 1.16000000e+00  6.49657174e+01  1.16000000e+00  3.20081841e+00  1.16000000e+00  9.46675209e-02  1.16000000e+00  1.12575337e+01  1.16000000e+00  3.50897461e-01 
 1.16500000e+00  6.59730315e+01  1.16500000e+00  3.16738712e+00  1.16500000e+00  9.49284032e-02  1.16500000e+00  1.13073593e+01  1.16500000e+00  3.53109497e-01 
 1.17000000e+00  6.69850495e+01  1.17000000e+00  3.13455752e+00  1.17000000e+00  9.51946351e-02  1.17000000e+00  1.13565530e+01  1.17000000e+00  3.55312722e-01 
 1.17500000e+00  6.80017118e+01  1.17500000e+00  3.10231303e+00  1.17500000e+00  9.54661855e-02  1.17500000e+00  1.14051172e+01  1.17500000e+00  3.57507264e-01 
 1.18000000e+00  6.90229591e+01  1.18000000e+00  3.07063770e+00  1.18000000e+00  9.57430261e-02  1.18000000e+00  1.14530540e+01  1.18000000e+00  3.59693248e-01 
 1.18500000e+00  7.00487322e+01  1.18500000e+00  3.03951613e+00  1.18500000e+00  9.60251313e-02  1.18500000e+00  1.15003656e+01  1.18500000e+00  3.61870799e-01 
 1.19000000e+00  7.10789724e+01  1.19000000e+00  3.00893352e+00  1.19000000e+00  9.63124784e-02  1.19000000e+00  1.15470544e+01  1.19000000e+00  3.64040040e-01 
 1.19500000e+00  7.21136212e+01  1.19500000e+00  2.97887558e+00  1.19500000e+00  9.66050469e-02  1.19500000e+00  1.15931224e+01  1.19500000e+00  3.66201091e-01 
 1.20000000e+00  7.31526205e+01  1.20000000e+00  2.94932853e+00  1.20000000e+00  9.69028194e-02  1.20000000e+00  1.16385719e+01  1.20000000e+00  3.68354075e-01 
 1.20500000e+00  7.41959122e+01  1.20500000e+00  2.92027908e+00  1.20500000e+00  9.72057805e-02  1.20500000e+00  1.16834053e+01  1.20500000e+00  3.70499109e-01 
 1.21000000e+00  7.52434388e+01  1.21000000e+00  2.89171442e+00  1.21000000e+00  9.75139174e-02  1.21000000e+00  1.17276247e+01  1.21000000e+00  3.72636311e-01 
 1.21500000e+00  7.62951429e+01  1.21500000e+00  2.86362217e+00  1.21500000e+00  9.78272196e-02  1.21500000e+00  1.17712324e+01  1.21500000e+00  3.74765799e-01 
 1.22000000e+00  7.73509674e+01  1.22000000e+00  2.83599039e+00  1.22000000e+00  9.81456789e-02  1.22000000e+00  1.18142308e+01  1.22000000e+00  3.76887687e-01 
 1.22500000e+00  7.84108556e+01  1.22500000e+00  2.80880754e+00  1.22500000e+00  9.84692894e-02  1.22500000e+00  1.18566223e+01  1.22500000e+00  3.79002091e-01 
 1.23000000e+00  7.94747510e+01  1.23000000e+00  2.78206249e+00  1.23000000e+00  9.87980472e-02  1.23000000e+00  1.18984090e+01  1.23000000e+00  3.81109122e-01 
 1.23500000e+00  8.05425974e+01  1.23500000e+00  2.75574447e+00  1.23500000e+00  9.91319507e-02  1.23500000e+00  1.19395935e+01  1.23500000e+00  3.83208893e-01 
 1.24000000e+00  8.16143388e+01  1.24000000e+00  2.72984308e+00  1.24000000e+00  9.94710003e-02  1.24000000e+00  1.19801782e+01  1.24000000e+00  3.85301516e-01 
 1.24500000e+00  8.26899198e+01  1.24500000e+00  2.70434825e+00  1.24500000e+00  9.98151986e-02  1.24500000e+00  1.20201654e+01  1.24500000e+00  3.87387098e-01 
 1.25000000e+00  8.37692848e+01  1.25000000e+00  2.67925026e+00  1.25000000e+00  1.00164550e-01  1.25000000e+00  1.20595576e+01  1.25000000e+00  3.89465751e-01 
 1.25500000e+00  8.48523790e+01  1.25500000e+00  2.65453970e+00  1.25500000e+00  1.00519061e-01  1.25500000e+00  1.20983572e+01  1.25500000e+00  3.91537580e-01 
 1.26000000e+00  8.59391476e+01  1.26000000e+00  2.63020746e+00  1.26000000e+00  1.00878740e-01  1.26000000e+00  1.21365669e+01  1.26000000e+00  3.93602692e-01 
 1.26500000e+00  8.70295361e+01  1.26500000e+00  2.60624473e+00  1.26500000e+00  1.01243597e-01  1.26500000e+00  1.21741891e+01  1.26500000e+00  3.95661194e-01 
 1.27000000e+00  8.81234905e+01  1.27000000e+00  2.58264298e+00  1.27000000e+00  1.01613644e-01  1.27000000e+00  1.22112263e+01  1.27000000e+00  3.97713190e-01 
 1.27500000e+00  8.92209567e+01  1.27500000e+00  2.55939394e+00  1.27500000e+00  1.01988896e-01  1.27500000e+00  1.22476811e+01  1.27500000e+00  3.99758783e-01 
 1.28000000e+00  9.03218814e+01  1.28000000e+00  2.53648960e+00  1.28000000e+00  1.02369369e-01  1.28000000e+00  1.22835561e+01  1.28000000e+00  4.01798076e-01 
 1.28500000e+00  9.14262113e+01  1.28500000e+00  2.51392222e+00  1.28500000e+00  1.02755079e-01  1.28500000e+00  1.23188539e+01  1.28500000e+00  4.03831171e-01 
 1.29000000e+00  9.25338934e+01  1.29000000e+00  2.49168426e+00  1.29000000e+00  1.03146048e-01  1.29000000e+00  1.23535771e+01  1.29000000e+00  4.05858168e-01 
 1.29500000e+00  9.36448750e+01  1.29500000e+00  2.46976844e+00  1.29500000e+00  1.03542295e-01  1.29500000e+00  1.23877283e+01  1.29500000e+00  4.07879168e-01 
 1.30000000e+00  9.47591039e+01  1.30000000e+00  2.44816770e+00  1.30000000e+00  1.03943844e-01  1.30000000e+00  1.24213102e+01  1.30000000e+00  4.09894268e-01 
 1.30500000e+00  9.58765279e+01  1.30500000e+00  2.42687516e+00  1.30500000e+00  1.04350720e-01  1.30500000e+00  1.24543254e+01  1.30500000e+00  4.11903568e-01 
 1.31000000e+00  9.69970954e+01  1.31000000e+00  2.40588418e+00  1.31000000e+00  1.04762949e-01  1.31000000e+00  1.24867767e+01  1.31000000e+00  4.13907163e-01 
 1.31500000e+00  9.81207548e+01  1.31500000e+00  2.38518829e+00  1.31500000e+00  1.05180559e-01  1.31500000e+00  1.25186665e+01  1.31500000e+00  4.15905151e-01 
 1.32000000e+00  9.92474552e+01  1.32000000e+00  2.36478123e+00  1.32000000e+00  1.05603581e-01  1.32000000e+00  1.25499978e+01  1.32000000e+00  4.17897627e-01 
 1.32500000e+00  1.00377146e+02  1.32500000e+00  2.34465690e+00  1.32500000e+00  1.06032046e-01  1.32500000e+00  1.25807731e+01  1.32500000e+00  4.19884684e-01 
 1.33000000e+00  1.01509775e+02  1.33000000e+00  2.32480940e+00  1.33000000e+00  1.06465987e-01  1.33000000e+00  1.26109952e+01  1.33000000e+00  4.21866418e-01 
 1.33500000e+00  1.02645294e+02  1.33500000e+00  2.30523296e+00  1.33500000e+00  1.06905440e-01  1.33500000e+00  1.26406667e+01  1.33500000e+00  4.23842920e-01 
 1.34000000e+00  1.03783653e+02  1.34000000e+00  2.28592201e+00  1.34000000e+00  1.07350440e-01  1.34000000e+00  1.26697903e+01  1.34000000e+00  4.25814282e-01 
 1.34500000e+00  1.04924801e+02  1.34500000e+00  2.26687111e+00  1.34500000e+00  1.07801028e-01  1.34500000e+00  1.26983687e+01  1.34500000e+00  4.27780596e-01 
 1.35000000e+00  1.06068689e+02  1.35000000e+00  2.24807499e+00  1.35000000e+00  1.08257241e-01  1.35000000e+00  1.27264047e+01  1.35000000e+00  4.29741953e-01 
 1.35500000e+00  1.07215269e+02  1.35500000e+00  2.22952851e+00  1.35500000e+00  1.08719123e-01  1.35500000e+00  1.27539009e+01  1.35500000e+00  4.31698440e-01 
 1.36000000e+00  1.08364492e+02  1.36000000e+00  2.21122668e+00  1.36000000e+00  1.09186717e-01  1.36000000e+00  1.27808599e+01  1.36000000e+00  4.33650149e-01 
 1.36500000e+00  1.09516308e+02  1.36500000e+00  2.19316463e+00  1.36500000e+00  1.09660068e-01  1.36500000e+00  1.28072845e+01  1.36500000e+00  4.35597165e-01 
 1.37000000e+00  1.10670671e+02  1.37000000e+00  2.17533763e+00  1.37000000e+00  1.10139223e-01  1.37000000e+00  1.28331773e+01  1.37000000e+00  4.37539577e-01 
 1.37500000e+00  1.11827532e+02  1.37500000e+00  2.15774108e+00  1.37500000e+00  1.10624230e-01  1.37500000e+00  1.28585409e+01  1.37500000e+00  4.39477471e-01 
 1.38000000e+00  1.12986843e+02  1.38000000e+00  2.14037049e+00  1.38000000e+00  1.11115140e-01  1.38000000e+00  1.28833780e+01  1.38000000e+00  4.41410933e-01 
 1.38500000e+00  1.14148558e+02  1.38500000e+00  2.12322150e+00  1.38500000e+00  1.11612004e-01  1.38500000e+00  1.29076911e+01  1.38500000e+00  4.43340047e-01 
 1.39000000e+00  1.15312630e+02  1.39000000e+00  2.10628985e+00  1.39000000e+00  1.12114876e-01  1.39000000e+00  1.29314830e+01  1.39000000e+00  4.45264899e-01 
 1.39500000e+00  1.16479011e+02  1.39500000e+00  2.08957139e+00  1.39500000e+00  1.12623812e-01  1.39500000e+00  1.29547561e+01  1.39500000e+00  4.47185570e-01 
 1.40000000e+00  1.17647655e+02  1.40000000e+00  2.07306209e+00  1.40000000e+00  1.13138869e-01  1.40000000e+00  1.29775130e+01  1.40000000e+00  4.49102145e-01 
 1.40500000e+00  1.18818517e+02  1.40500000e+00  2.05675800e+00  1.40500000e+00  1.13660106e-01  1.40500000e+00  1.29997562e+01  1.40500000e+00  4.51014705e-01 
 1.41000000e+00  1.19991550e+02  1.41000000e+00  2.04065528e+00  1.41000000e+00  1.14187583e-01  1.41000000e+00  1.30214883e+01  1.41000000e+00  4.52923331e-01 
 1.41500000e+00  1.21166710e+02  1.41500000e+00  2.02475019e+00  1.41500000e+00  1.14721363e-01  1.41500000e+00  1.30427117e+01  1.41500000e+00  4.54828104e-01 
 1.42000000e+00  1.22343950e+02  1.42000000e+00  2.00903907e+00  1.42000000e+00  1.15261509e-01  1.42000000e+00  1.30634288e+01  1.42000000e+00  4.56729104e-01 
 1.42500000e+00  1.23523225e+02  1.42500000e+00  1.99351836e+00  1.42500000e+00  1.15808089e-01  1.42500000e+00  1.30836421e+01  1.42500000e+00  4.58626411e-01 
 1.43000000e+00  1.24704492e+02  1.43000000e+00  1.97818458e+00  1.43000000e+00  1.16361170e-01  1.43000000e+00  1.31033539e+01  1.43000000e+00  4.60520102e-01 
 1.43500000e+00  1.25887705e+02  1.43500000e+00  1.96303433e+00  1.43500000e+00  1.16920822e-01  1.43500000e+00  1.31225667e+01  1.43500000e+00  4.62410256e-01 
 1.44000000e+00  1.27072821e+02  1.44000000e+00  1.94806430e+00  1.44000000e+00  1.17487116e-01  1.44000000e+00  1.31412826e+01  1.44000000e+00  4.64296949e-01 
 1.44500000e+00  1.28259796e+02  1.44500000e+00  1.93327125e+00  1.44500000e+00  1.18060126e-01  1.44500000e+00  1.31595041e+01  1.44500000e+00  4.66180259e-01 
 1.45000000e+00  1.29448585e+02  1.45000000e+00  1.91865202e+00  1.45000000e+00  1.18639927e-01  1.45000000e+00  1.31772332e+01  1.45000000e+00  4.68060261e-01 
 1.45500000e+00  1.30639146e+02  1.45500000e+00  1.90420353e+00  1.45500000e+00  1.19226596e-01  1.45500000e+00  1.31944723e+01  1.45500000e+00  4.69937030e-01 
 1.46000000e+00  1.31831436e+02  1.46000000e+00  1.88992274e+00  1.46000000e+00  1.19820213e-01  1.46000000e+00  1.32112235e+01  1.46000000e+00  4.71810641e-01 
 1.46500000e+00  1.33025411e+02  1.46500000e+00  1.87580673e+00  1.46500000e+00  1.20420859e-01  1.46500000e+00  1.32274888e+01  1.46500000e+00  4.73681168e-01 
 1.47000000e+00  1.34221029e+02  1.47000000e+00  1.86185260e+00  1.47000000e+00  1.21028618e-01  1.47000000e+00  1.32432704e+01  1.47000000e+00  4.75548684e-01 
 1.47500000e+00  1.35418248e+02  1.47500000e+00  1.84805753e+00  1.47500000e+00  1.21643573e-01  1.47500000e+00  1.32585703e+01  1.47500000e+00  4.77413262e-01 
 1.48000000e+00  1.36617026e+02  1.48000000e+00  1.83441878e+00  1.48000000e+00  1.22265814e-01  1.48000000e+00  1.32733904e+01  1.48000000e+00  4.79274973e-01 
 1.48500000e+00  1.37817320e+02  1.48500000e+00  1.82093365e+00  1.48500000e+00  1.22895428e-01  1.48500000e+00  1.32877326e+01  1.48500000e+00  4.81133890e-01 
 1.49000000e+00  1.39019090e+02  1.49000000e+00  1.80759950e+00  1.49000000e+00  1.23532508e-01  1.49000000e+00  1.33015989e+01  1.49000000e+00  4.82990082e-01 
 1.49500000e+00  1.40222294e+02  1.49500000e+00  1.79441376e+00  1.49500000e+00  1.24177147e-01  1.49500000e+00  1.33149910e+01  1.49500000e+00  4.84843620e-01 
 1.50000000e+00  1.41426890e+02  1.50000000e+00  1.78137390e+00  1.50000000e+00  1.24829441e-01  1.50000000e+00  1.33279108e+01  1.50000000e+00  4.86694573e-01 
 1.50500000e+00  1.42632838e+02  1.50500000e+00  1.76847746e+00  1.50500000e+00  1.25489488e-01  1.50500000e+00  1.33403598e+01  1.50500000e+00  4.88543011e-01 
 1.51000000e+00  1.43840097e+02  1.51000000e+00  1.75572202e+00  1.51000000e+00  1.26157388e-01  1.51000000e+00  1.33523399e+01  1.51000000e+00  4.90389002e-01 
 1.51500000e+00  1.45048627e+02  1.51500000e+00  1.74310521e+00  1.51500000e+00  1.26833243e-01  1.51500000e+00  1.33638525e+01  1.51500000e+00  4.92232613e-01 
 1.52000000e+00  1.46258387e+02  1.52000000e+00  1.73062472e+00  1.52000000e+00  1.27517159e-01  1.52000000e+00  1.33748991e+01  1.52000000e+00  4.94073912e-01 
 1.52500000e+00  1.47469338e+02  1.52500000e+00  1.71827829e+00  1.52500000e+00  1.28209243e-01  1.52500000e+00  1.33854814e+01  1.52500000e+00  4.95912965e-01 
 1.53000000e+00  1.48681439e+02  1.53000000e+00  1.70606368e+00  1.53000000e+00  1.28909603e-01  1.53000000e+00  1.33956006e+01  1.53000000e+00  4.97749837e-01 
 1.53500000e+00  1.49894652e+02  1.53500000e+00  1.69397872e+00  1.53500000e+00  1.29618351e-01  1.53500000e+00  1.34052581e+01  1.53500000e+00  4.99584596e-01 
 1.54000000e+00  1.51108936e+02  1.54000000e+00  1.68202129e+00  1.54000000e+00  1.30335603e-01  1.54000000e+00  1.34144552e+01  1.54000000e+00  5.01417305e-01 
 1.54500000e+00  1.52324252e+02  1.54500000e+00  1.67018928e+00  1.54500000e+00  1.31061475e-01  1.54500000e+00  1.34231932e+01  1.54500000e+00  5.03248028e-01 
 1.55000000e+00  1.53540561e+02  1.55000000e+00  1.65848066e+00  1.55000000e+00  1.31796086e-01  1.55000000e+00  1.34314731e+01  1.55000000e+00  5.05076830e-01 
 1.55500000e+00  1.54757825e+02  1.55500000e+00  1.64689342e+00  1.55500000e+00  1.32539558e-01  1.55500000e+00  1.34392960e+01  1.55500000e+00  5.06903774e-01 
 1.56000000e+00  1.55976005e+02  1.56000000e+00  1.63542557e+00  1.56000000e+00  1.33292015e-01  1.56000000e+00  1.34466630e+01  1.56000000e+00  5.08728921e-01 
 1.56500000e+00  1.57195063e+02  1.56500000e+00  1.62407521e+00  1.56500000e+00  1.34053586e-01  1.56500000e+00  1.34535749e+01  1.56500000e+00  5.10552335e-01 
 1.57000000e+00  1.58414959e+02  1.57000000e+00  1.61284042e+00  1.57000000e+00  1.34824398e-01  1.57000000e+00  1.34600328e+01  1.57000000e+00  5.12374076e-01 
 1.57500000e+00  1.59635657e+02  1.57500000e+00  1.60171936e+00  1.57500000e+00  1.35604586e-01  1.57500000e+00  1.34660372e+01  1.57500000e+00  5.14194206e-01 
 1.58000000e+00  1.60857117e+02  1.58000000e+00  1.59071021e+00  1.58000000e+00  1.36394285e-01  1.58000000e+00  1.34715891e+01  1.58000000e+00  5.16012786e-01 
 1.58500000e+00  1.62079303e+02  1.58500000e+00  1.57981116e+00  1.58500000e+00  1.37193632e-01  1.58500000e+00  1.34766889e+01  1.58500000e+00  5.17829874e-01 
 1.59000000e+00  1.63302177e+02  1.59000000e+00  1.56902048e+00  1.59000000e+00  1.38002769e-01  1.59000000e+00  1.34813373e+01  1.59000000e+00  5.19645531e-01 
 1.59500000e+00  1.64525701e+02  1.59500000e+00  1.55833643e+00  1.59500000e+00  1.38821839e-01  1.59500000e+00  1.34855348e+01  1.59500000e+00  5.21459815e-01 
 1.60000000e+00  1.65749837e+02  1.60000000e+00  1.54775732e+00  1.60000000e+00  1.39650991e-01  1.60000000e+00  1.34892818e+01  1.60000000e+00  5.23272784e-01 
 1.60500000e+00  1.66974550e+02  1.60500000e+00  1.53728150e+00  1.60500000e+00  1.40490373e-01  1.60500000e+00  1.34925785e+01  1.60500000e+00  5.25084497e-01 
 1.61000000e+00  1.68199801e+02  1.61000000e+00  1.52690733e+00  1.61000000e+00  1.41340139e-01  1.61000000e+00  1.34954254e+01  1.61000000e+00  5.26895012e-01 
 1.61500000e+00  1.69425553e+02  1.61500000e+00  1.51663322e+00  1.61500000e+00  1.42200446e-01  1.61500000e+00  1.34978224e+01  1.61500000e+00  5.28704383e-01 
 1.62000000e+00  1.70651771e+02  1.62000000e+00  1.50645758e+00  1.62000000e+00  1.43071452e-01  1.62000000e+00  1.34997699e+01  1.62000000e+00  5.30512669e-01 
 1.62500000e+00  1.71878417e+02  1.62500000e+00  1.49637888e+00  1.62500000e+00  1.43953320e-01  1.62500000e+00  1.35012676e+01  1.62500000e+00  5.32319925e-01 
 1.63000000e+00  1.73105455e+02  1.63000000e+00  1.48639559e+00  1.63000000e+00  1.44846217e-01  1.63000000e+00  1.35023156e+01  1.63000000e+00  5.34126206e-01 
 1.63500000e+00  1.74332848e+02  1.63500000e+00  1.47650621e+00  1.63500000e+00  1.45750312e-01  1.63500000e+00  1.35029138e+01  1.63500000e+00  5.35931567e-01 
 1.64000000e+00  1.75560560e+02  1.64000000e+00  1.46670929e+00  1.64000000e+00  1.46665777e-01  1.64000000e+00  1.35030618e+01  1.64000000e+00  5.37736063e-01 
 1.64500000e+00  1.76788554e+02  1.64500000e+00  1.45700338e+00  1.64500000e+00  1.47592789e-01  1.64500000e+00  1.35027594e+01  1.64500000e+00  5.39539747e-01 
 1.65000000e+00  1.78016796e+02  1.65000000e+00  1.44738706e+00  1.65000000e+00  1.48531528e-01  1.65000000e+00  1.35020061e+01  1.65000000e+00  5.41342673e-01 
 1.65500000e+00  1.79245248e+02  1.65500000e+00  1.43785893e+00  1.65500000e+00  1.49482176e-01  1.65500000e+00  1.35008016e+01  1.65500000e+00  5.43144894e-01 
 1.66000000e+00  1.80473874e+02  1.66000000e+00  1.42841762e+00  1.66000000e+00  1.50444922e-01  1.66000000e+00  1.34991451e+01  1.66000000e+00  5.44946463e-01 
 1.66500000e+00  1.81702639e+02  1.66500000e+00  1.41906178e+00  1.66500000e+00  1.51419955e-01  1.66500000e+00  1.34970360e+01  1.66500000e+00  5.46747431e-01 
 1.67000000e+00  1.82931508e+02  1.67000000e+00  1.40979008e+00  1.67000000e+00  1.52407471e-01  1.67000000e+00  1.34944737e+01  1.67000000e+00  5.48547850e-01 
 1.67500000e+00  1.84160443e+02  1.67500000e+00  1.40060122e+00  1.67500000e+00  1.53407667e-01  1.67500000e+00  1.34914572e+01  1.67500000e+00  5.50347771e-01 
 1.68000000e+00  1.85389410e+02  1.68000000e+00  1.39149391e+00  1.68000000e+00  1.54420747e-01  1.68000000e+00  1.34879857e+01  1.68000000e+00  5.52147246e-01 
 1.68500000e+00  1.86618373e+02  1.68500000e+00  1.38246687e+00  1.68500000e+00  1.55446916e-01  1.68500000e+00  1.34840582e+01  1.68500000e+00  5.53946324e-01 
 1.69000000e+00  1.87847297e+02  1.69000000e+00  1.37351887e+00  1.69000000e+00  1.56486384e-01  1.69000000e+00  1.34796736e+01  1.69000000e+00  5.55745054e-01 
 1.69500000e+00  1.89076145e+02  1.69500000e+00  1.36464866e+00  1.69500000e+00  1.57539366e-01  1.69500000e+00  1.34748307e+01  1.69500000e+00  5.57543488e-01 
 1.70000000e+00  1.90304882e+02  1.70000000e+00  1.35585506e+00  1.70000000e+00  1.58606081e-01  1.70000000e+00  1.34695284e+01  1.70000000e+00  5.59341673e-01 
 1.70500000e+00  1.91533474e+02  1.70500000e+00  1.34713685e+00  1.70500000e+00  1.59686751e-01  1.70500000e+00  1.34637654e+01  1.70500000e+00  5.61139657e-01 
 1.71000000e+00  1.92761883e+02  1.71000000e+00  1.33849287e+00  1.71000000e+00  1.60781604e-01  1.71000000e+00  1.34575401e+01  1.71000000e+00  5.62937491e-01 
 1.71500000e+00  1.93990076e+02  1.71500000e+00  1.32992196e+00  1.71500000e+00  1.61890871e-01  1.71500000e+00  1.34508512e+01  1.71500000e+00  5.64735219e-01 
 1.72000000e+00  1.95218017e+02  1.72000000e+00  1.32142297e+00  1.72000000e+00  1.63014787e-01  1.72000000e+00  1.34436972e+01  1.72000000e+00  5.66532892e-01 
 1.72500000e+00  1.96445669e+02  1.72500000e+00  1.31299479e+00  1.72500000e+00  1.64153593e-01  1.72500000e+00  1.34360764e+01  1.72500000e+00  5.68330554e-01 
 1.73000000e+00  1.97672999e+02  1.73000000e+00  1.30463631e+00  1.73000000e+00  1.65307534e-01  1.73000000e+00  1.34279871e+01  1.73000000e+00  5.70128252e-01 
 1.73500000e+00  1.98899970e+02  1.73500000e+00  1.29634642e+00  1.73500000e+00  1.66476860e-01  1.73500000e+00  1.34194276e+01  1.73500000e+00  5.71926034e-01 
 1.74000000e+00  2.00126547e+02  1.74000000e+00  1.28812406e+00  1.74000000e+00  1.67661825e-01  1.74000000e+00  1.34103961e+01  1.74000000e+00  5.73723944e-01 
 1.74500000e+00  2.01352695e+02  1.74500000e+00  1.27996816e+00  1.74500000e+00  1.68862687e-01  1.74500000e+00  1.34008908e+01  1.74500000e+00  5.75522027e-01 
 1.75000000e+00  2.02578378e+02  1.75000000e+00  1.27187767e+00  1.75000000e+00  1.70079711e-01  1.75000000e+00  1.33909096e+01  1.75000000e+00  5.77320329e-01 
 1.75500000e+00  2.03803560e+02  1.75500000e+00  1.26385156e+00  1.75500000e+00  1.71313165e-01  1.75500000e+00  1.33804505e+01  1.75500000e+00  5.79118894e-01 
 1.76000000e+00  2.05028207e+02  1.76000000e+00  1.25588880e+00  1.76000000e+00  1.72563323e-01  1.76000000e+00  1.33695116e+01  1.76000000e+00  5.80917766e-01 
 1.76500000e+00  2.06252282e+02  1.76500000e+00  1.24798838e+00  1.76500000e+00  1.73830462e-01  1.76500000e+00  1.33580908e+01  1.76500000e+00  5.82716989e-01 
 1.77000000e+00  2.07475750e+02  1.77000000e+00  1.24014931e+00  1.77000000e+00  1.75114868e-01  1.77000000e+00  1.33461858e+01  1.77000000e+00  5.84516606e-01 
 1.77500000e+00  2.08698575e+02  1.77500000e+00  1.23237061e+00  1.77500000e+00  1.76416828e-01  1.77500000e+00  1.33337945e+01  1.77500000e+00  5.86316661e-01 
 1.78000000e+00  2.09920722e+02  1.78000000e+00  1.22465130e+00  1.78000000e+00  1.77736637e-01  1.78000000e+00  1.33209148e+01  1.78000000e+00  5.88117196e-01 
 1.78500000e+00  2.11142154e+02  1.78500000e+00  1.21699042e+00  1.78500000e+00  1.79074593e-01  1.78500000e+00  1.33075442e+01  1.78500000e+00  5.89918253e-01 
 1.79000000e+00  2.12362836e+02  1.79000000e+00  1.20938703e+00  1.79000000e+00  1.80431002e-01  1.79000000e+00  1.32936806e+01  1.79000000e+00  5.91719874e-01 
 1.79500000e+00  2.13582731e+02  1.79500000e+00  1.20184019e+00  1.79500000e+00  1.81806171e-01  1.79500000e+00  1.32793216e+01  1.79500000e+00  5.93522101e-01 
 1.80000000e+00  2.14801804e+02  1.80000000e+00  1.19434898e+00  1.80000000e+00  1.83200417e-01  1.80000000e+00  1.32644650e+01  1.80000000e+00  5.95324976e-01 
