 0.00000000e+00  1.20076171e-07  0.00000000e+00  7.43546566e+00  0.00000000e+00  3.27622017e-01  0.00000000e+00  3.78754136e-07  0.00000000e+00  4.27321325e-02 
 5.00000000e-03  1.24900090e-07  5.00000000e-03  8.33403056e+00  5.00000000e-03  3.66005127e-01  5.00000000e-03  4.42485456e-07  5.00000000e-03  4.27321325e-02 
 1.00000000e-02  1.30527533e-07  1.00000000e-02  9.29753400e+00  1.00000000e-02  4.06970080e-01  1.00000000e-02  5.16928138e-07  1.00000000e-02  4.27321325e-02 
 1.50000000e-02  1.37084788e-07  1.50000000e-02  1.03212399e+01  1.50000000e-02  4.50282061e-01  1.50000000e-02  6.03879991e-07  1.50000000e-02  4.27321326e-02 
 2.00000000e-02  1.44731449e-07  2.00000000e-02  1.13974727e+01  2.00000000e-02  4.95581204e-01  2.00000000e-02  7.05440065e-07  2.00000000e-02  4.27321326e-02 
 2.50000000e-02  1.53645152e-07  2.50000000e-02  1.25170497e+01  2.50000000e-02  5.42446795e-01  2.50000000e-02  8.24059020e-07  2.50000000e-02  4.27321326e-02 
 3.00000000e-02  1.64038227e-07  3.00000000e-02  1.36686018e+01  3.00000000e-02  5.90369041e-01  3.00000000e-02  9.62597892e-07  3.00000000e-02  4.27321327e-02 
 3.50000000e-02  1.76156312e-07  3.50000000e-02  1.48394616e+01  3.50000000e-02  6.38788865e-01  3.50000000e-02  1.12439665e-06  3.50000000e-02  4.27321327e-02 
 4.00000000e-02  1.90281124e-07  4.00000000e-02  1.60164633e+01  4.00000000e-02  6.87133173e-01  4.00000000e-02  1.31335420e-06  4.00000000e-02  4.27321328e-02 
 4.50000000e-02  2.06751283e-07  4.50000000e-02  1.71853659e+01  4.50000000e-02  7.34790552e-01  4.50000000e-02  1.53402161e-06  4.50000000e-02  4.27321329e-02 
 5.00000000e-02  2.25951202e-07  5.00000000e-02  1.83330867e+01  5.00000000e-02  7.81207204e-01  5.00000000e-02  1.79171102e-06  5.00000000e-02  4.27321329e-02 
 5.50000000e-02  2.48337462e-07  5.50000000e-02  1.94468711e+01  5.50000000e-02  8.25850875e-01  5.50000000e-02  2.09262244e-06  5.50000000e-02  4.27321330e-02 
 6.00000000e-02  2.74434642e-07  6.00000000e-02  2.05160202e+01  6.00000000e-02  8.68283709e-01  6.00000000e-02  2.44399181e-06  6.00000000e-02  4.27321331e-02 
 6.50000000e-02  3.04861691e-07  6.50000000e-02  2.15311633e+01  6.50000000e-02  9.08130063e-01  6.50000000e-02  2.85426348e-06  6.50000000e-02  4.27321333e-02 
 7.00000000e-02  3.40333317e-07  7.00000000e-02  2.24854852e+01  7.00000000e-02  9.45127162e-01  7.00000000e-02  3.33329143e-06  7.00000000e-02  4.27321334e-02 
 7.50000000e-02  3.81689125e-07  7.50000000e-02  2.33739039e+01  7.50000000e-02  9.79088764e-01  7.50000000e-02  3.89257373e-06  7.50000000e-02  4.27321336e-02 
 8.00000000e-02  4.29899172e-07  8.00000000e-02  2.41939350e+01  8.00000000e-02  1.00994000e+00  8.00000000e-02  4.54552592e-06  8.00000000e-02  4.27321338e-02 
 8.50000000e-02  4.86106988e-07  8.50000000e-02  2.49442769e+01  8.50000000e-02  1.03765666e+00  8.50000000e-02  5.30779954e-06  8.50000000e-02  4.27321341e-02 
 9.00000000e-02  5.51633739e-07  9.00000000e-02  2.56258941e+01  9.00000000e-02  1.06230921e+00  9.00000000e-02  6.19765337e-06  9.00000000e-02  4.27321343e-02 
 9.50000000e-02  6.28022634e-07  9.50000000e-02  2.62409050e+01  9.50000000e-02  1.08401522e+00  9.50000000e-02  7.23638593e-06  9.50000000e-02  4.27321347e-02 
 1.00000000e-01  7.17077786e-07  1.00000000e-01  2.67922423e+01  1.00000000e-01  1.10292455e+00  1.00000000e-01  8.44883936e-06  1.00000000e-01  4.27321350e-02 
 1.05000000e-01  8.20897517e-07  1.05000000e-01  2.72837678e+01  1.05000000e-01  1.11922351e+00  1.05000000e-01  9.86398626e-06  1.05000000e-01  4.27321355e-02 
 1.10000000e-01  9.41928480e-07  1.10000000e-01  2.77197803e+01  1.10000000e-01  1.13311399e+00  1.10000000e-01  1.15156132e-05  1.10000000e-01  4.27321360e-02 
 1.15000000e-01  1.08302256e-06  1.15000000e-01  2.81048210e+01  1.15000000e-01  1.14480532e+00  1.15000000e-01  1.34431165e-05  1.15000000e-01  4.27321366e-02 
 1.20000000e-01  1.24750488e-06  1.20000000e-01  2.84434701e+01  1.20000000e-01  1.15450576e+00  1.20000000e-01  1.56924286e-05  1.20000000e-01  4.27321373e-02 
 1.25000000e-01  1.43924872e-06  1.25000000e-01  2.87402833e+01  1.25000000e-01  1.16241995e+00  1.25000000e-01  1.83170965e-05  1.25000000e-01  4.27321381e-02 
 1.30000000e-01  1.66277131e-06  1.30000000e-01  2.89995762e+01  1.30000000e-01  1.16874024e+00  1.30000000e-01  2.13795364e-05  1.30000000e-01  4.27321391e-02 
 1.35000000e-01  1.92333649e-06  1.35000000e-01  2.92254366e+01  1.35000000e-01  1.17364736e+00  1.35000000e-01  2.49524936e-05  1.35000000e-01  4.27321402e-02 
 1.40000000e-01  2.22707963e-06  1.40000000e-01  2.94216523e+01  1.40000000e-01  1.17730767e+00  1.40000000e-01  2.91207406e-05  1.40000000e-01  4.27321415e-02 
 1.45000000e-01  2.58114780e-06  1.45000000e-01  2.95917355e+01  1.45000000e-01  1.17987438e+00  1.45000000e-01  3.39830518e-05  1.45000000e-01  4.27321430e-02 
 1.50000000e-01  2.99387737e-06  1.50000000e-01  2.97387907e+01  1.50000000e-01  1.18148254e+00  1.50000000e-01  3.96544989e-05  1.50000000e-01  4.27321448e-02 
 1.55000000e-01  3.47498003e-06  1.55000000e-01  2.98656512e+01  1.55000000e-01  1.18225463e+00  1.55000000e-01  4.62691193e-05  1.55000000e-01  4.27321469e-02 
 1.60000000e-01  4.03576894e-06  1.60000000e-01  2.99748780e+01  1.60000000e-01  1.18230086e+00  1.60000000e-01  5.39830162e-05  1.60000000e-01  4.27321493e-02 
 1.65000000e-01  4.68943356e-06  1.65000000e-01  3.00686948e+01  1.65000000e-01  1.18171669e+00  1.65000000e-01  6.29779602e-05  1.65000000e-01  4.27321521e-02 
 1.70000000e-01  5.45134077e-06  1.70000000e-01  3.01490797e+01  1.70000000e-01  1.18058674e+00  1.70000000e-01  7.34655703e-05  1.70000000e-01  4.27321554e-02 
 1.75000000e-01  6.33939429e-06  1.75000000e-01  3.02177787e+01  1.75000000e-01  1.17898547e+00  1.75000000e-01  8.56921689e-05  1.75000000e-01  4.27321592e-02 
 1.80000000e-01  7.37445660e-06  1.80000000e-01  3.02763081e+01  1.80000000e-01  1.17697745e+00  1.80000000e-01  9.99444140e-05  1.80000000e-01  4.27321636e-02 
 1.85000000e-01  8.58083743e-06  1.85000000e-01  3.03259784e+01  1.85000000e-01  1.17461846e+00  1.85000000e-01  1.16555834e-04  1.85000000e-01  4.27321688e-02 
 1.90000000e-01  9.98685024e-06  1.90000000e-01  3.03679554e+01  1.90000000e-01  1.17195797e+00  1.90000000e-01  1.35914404e-04  1.90000000e-01  4.27321748e-02 
 1.95000000e-01  1.16254867e-05  1.95000000e-01  3.04032237e+01  1.95000000e-01  1.16903791e+00  1.95000000e-01  1.58471324e-04  1.95000000e-01  4.27321819e-02 
 2.00000000e-01  1.35351730e-05  2.00000000e-01  3.04326471e+01  2.00000000e-01  1.16589504e+00  2.00000000e-01  1.84751198e-04  2.00000000e-01  4.27321901e-02 
 2.05000000e-01  1.57606733e-05  2.05000000e-01  3.04569568e+01  2.05000000e-01  1.16256064e+00  2.05000000e-01  2.15363807e-04  2.05000000e-01  4.27321996e-02 
 2.10000000e-01  1.83541182e-05  2.10000000e-01  3.04767935e+01  2.10000000e-01  1.15906220e+00  2.10000000e-01  2.51017745e-04  2.10000000e-01  4.27322108e-02 
 2.15000000e-01  2.13762202e-05  2.15000000e-01  3.04927022e+01  2.15000000e-01  1.15542329e+00  2.15000000e-01  2.92536194e-04  2.15000000e-01  4.27322237e-02 
 2.20000000e-01  2.48976922e-05  2.20000000e-01  3.05051309e+01  2.20000000e-01  1.15166358e+00  2.20000000e-01  3.40875151e-04  2.20000000e-01  4.27322388e-02 
 2.25000000e-01  2.90008559e-05  2.25000000e-01  3.05144801e+01  2.25000000e-01  1.14780078e+00  2.25000000e-01  3.97144499e-04  2.25000000e-01  4.27322564e-02 
 2.30000000e-01  3.37815664e-05  2.30000000e-01  3.05210766e+01  2.30000000e-01  1.14384972e+00  2.30000000e-01  4.62632333e-04  2.30000000e-01  4.27322770e-02 
 2.35000000e-01  3.93514152e-05  2.35000000e-01  3.05251942e+01  2.35000000e-01  1.13982314e+00  2.35000000e-01  5.38833035e-04  2.35000000e-01  4.27323009e-02 
 2.40000000e-01  4.58402927e-05  2.40000000e-01  3.05270630e+01  2.40000000e-01  1.13573210e+00  2.40000000e-01  6.27479640e-04  2.40000000e-01  4.27323287e-02 
 2.45000000e-01  5.33993794e-05  2.45000000e-01  3.05268688e+01  2.45000000e-01  1.13158603e+00  2.45000000e-01  7.30581141e-04  2.45000000e-01  4.27323612e-02 
 2.50000000e-01  6.22045984e-05  2.50000000e-01  3.05247655e+01  2.50000000e-01  1.12739316e+00  2.50000000e-01  8.50465436e-04  2.50000000e-01  4.27323990e-02 
 2.55000000e-01  7.24606541e-05  2.55000000e-01  3.05208695e+01  2.55000000e-01  1.12316040e+00  2.55000000e-01  9.89828731e-04  2.55000000e-01  4.27324430e-02 
 2.60000000e-01  8.44056811e-05  2.60000000e-01  3.05152736e+01  2.60000000e-01  1.11889386e+00  2.60000000e-01  1.15179233e-03  2.60000000e-01  4.27324943e-02 
 2.65000000e-01  9.83166715e-05  2.65000000e-01  3.05080427e+01  2.65000000e-01  1.11459872e+00  2.65000000e-01  1.33996785e-03  2.65000000e-01  4.27325540e-02 
 2.70000000e-01  1.14515750e-04  2.70000000e-01  3.04992202e+01  2.70000000e-01  1.11027950e+00  2.70000000e-01  1.55853201e-03  2.70000000e-01  4.27326235e-02 
 2.75000000e-01  1.33377448e-04  2.75000000e-01  3.04888296e+01  2.75000000e-01  1.10594014e+00  2.75000000e-01  1.81231237e-03  2.75000000e-01  4.27327045e-02 
 2.80000000e-01  1.55337143e-04  2.80000000e-01  3.04768760e+01  2.80000000e-01  1.10158408e+00  2.80000000e-01  2.10688542e-03  2.80000000e-01  4.27327987e-02 
 2.85000000e-01  1.80900829e-04  2.85000000e-01  3.04633464e+01  2.85000000e-01  1.09721427e+00  2.85000000e-01  2.44868878e-03  2.85000000e-01  4.27329084e-02 
 2.90000000e-01  2.10656410e-04  2.90000000e-01  3.04482134e+01  2.90000000e-01  1.09283339e+00  2.90000000e-01  2.84514929e-03  2.90000000e-01  4.27330362e-02 
 2.95000000e-01  2.45286783e-04  2.95000000e-01  3.04314353e+01  2.95000000e-01  1.08844379e+00  2.95000000e-01  3.30482898e-03  2.95000000e-01  4.27331848e-02 
 3.00000000e-01  2.85584964e-04  3.00000000e-01  3.04129553e+01  3.00000000e-01  1.08404755e+00  3.00000000e-01  3.83759143e-03  3.00000000e-01  4.27333578e-02 
 3.05000000e-01  3.32471539e-04  3.05000000e-01  3.03927051e+01  3.05000000e-01  1.07964661e+00  3.05000000e-01  4.45479072e-03  3.05000000e-01  4.27335590e-02 
 3.10000000e-01  3.87014847e-04  3.10000000e-01  3.03706027e+01  3.10000000e-01  1.07524271e+00  3.10000000e-01  5.16948600e-03  3.10000000e-01  4.27337931e-02 
 3.15000000e-01  4.50454231e-04  3.15000000e-01  3.03465544e+01  3.15000000e-01  1.07083746e+00  3.15000000e-01  5.99668450e-03  3.15000000e-01  4.27340654e-02 
 3.20000000e-01  5.24226854e-04  3.20000000e-01  3.03204546e+01  3.20000000e-01  1.06643241e+00  3.20000000e-01  6.95361638e-03  3.20000000e-01  4.27343820e-02 
 3.25000000e-01  6.09998581e-04  3.25000000e-01  3.02921858e+01  3.25000000e-01  1.06202902e+00  3.25000000e-01  8.06004483e-03  3.25000000e-01  4.27347502e-02 
 3.30000000e-01  7.09699503e-04  3.30000000e-01  3.02616190e+01  3.30000000e-01  1.05762871e+00  3.30000000e-01  9.33861534e-03  3.30000000e-01  4.27351781e-02 
 3.35000000e-01  8.25564755e-04  3.35000000e-01  3.02286137e+01  3.35000000e-01  1.05323289e+00  3.35000000e-01  1.08152480e-02  3.35000000e-01  4.27356754e-02 
 3.40000000e-01  9.60181411e-04  3.40000000e-01  3.01930176e+01  3.40000000e-01  1.04884294e+00  3.40000000e-01  1.25195772e-02  3.40000000e-01  4.27362532e-02 
 3.45000000e-01  1.11654219e-03  3.45000000e-01  3.01546670e+01  3.45000000e-01  1.04446028e+00  3.45000000e-01  1.44854429e-02  3.45000000e-01  4.27369243e-02 
 3.50000000e-01  1.29810705e-03  3.50000000e-01  3.01133865e+01  3.50000000e-01  1.04008635e+00  3.50000000e-01  1.67514386e-02  3.50000000e-01  4.27377035e-02 
 3.55000000e-01  1.50887347e-03  3.55000000e-01  3.00689894e+01  3.55000000e-01  1.03572263e+00  3.55000000e-01  1.93615191e-02  3.55000000e-01  4.27386081e-02 
 3.60000000e-01  1.75345691e-03  3.60000000e-01  3.00212771e+01  3.60000000e-01  1.03137066e+00  3.60000000e-01  2.23656747e-02  3.60000000e-01  4.27396578e-02 
 3.65000000e-01  2.03718230e-03  3.65000000e-01  2.99700396e+01  3.65000000e-01  1.02703206e+00  3.65000000e-01  2.58206738e-02  3.65000000e-01  4.27408754e-02 
 3.70000000e-01  2.36618834e-03  3.70000000e-01  2.99150556e+01  3.70000000e-01  1.02270850e+00  3.70000000e-01  2.97908796e-02  3.70000000e-01  4.27422874e-02 
 3.75000000e-01  2.74754579e-03  3.75000000e-01  2.98560927e+01  3.75000000e-01  1.01840177e+00  3.75000000e-01  3.43491436e-02  3.75000000e-01  4.27439240e-02 
 3.80000000e-01  3.18939175e-03  3.80000000e-01  2.97929074e+01  3.80000000e-01  1.01411372e+00  3.80000000e-01  3.95777778e-02  3.80000000e-01  4.27458201e-02 
 3.85000000e-01  3.70108133e-03  3.85000000e-01  2.97252461e+01  3.85000000e-01  1.00984633e+00  3.85000000e-01  4.55696093e-02  3.85000000e-01  4.27480159e-02 
 3.90000000e-01  4.29335896e-03  3.90000000e-01  2.96528450e+01  3.90000000e-01  1.00560166e+00  3.90000000e-01  5.24291150e-02  3.90000000e-01  4.27505574e-02 
 3.95000000e-01  4.97855111e-03  3.95000000e-01  2.95754315e+01  3.95000000e-01  1.00138191e+00  3.95000000e-01  6.02736377e-02  3.95000000e-01  4.27534975e-02 
 4.00000000e-01  5.77078270e-03  4.00000000e-01  2.94927248e+01  4.00000000e-01  9.97189349e-01  4.00000000e-01  6.92346775e-02  4.00000000e-01  4.27568967e-02 
 4.05000000e-01  6.68621929e-03  4.05000000e-01  2.94044369e+01  4.05000000e-01  9.93026385e-01  4.05000000e-01  7.94592563e-02  4.05000000e-01  4.27608244e-02 
 4.10000000e-01  7.74333735e-03  4.10000000e-01  2.93102743e+01  4.10000000e-01  9.88895519e-01  4.10000000e-01  9.11113431e-02  4.10000000e-01  4.27653596e-02 
 4.15000000e-01  8.96322491e-03  4.15000000e-01  2.92099397e+01  4.15000000e-01  9.84799348e-01  4.15000000e-01  1.04373332e-01  4.15000000e-01  4.27705927e-02 
 4.20000000e-01  1.03699147e-02  4.20000000e-01  2.91031336e+01  4.20000000e-01  9.80740562e-01  4.20000000e-01  1.19447554e-01  4.20000000e-01  4.27766267e-02 
 4.25000000e-01  1.19907518e-02  4.25000000e-01  2.89895569e+01  4.25000000e-01  9.76721923e-01  4.25000000e-01  1.36557811e-01  4.25000000e-01  4.27835785e-02 
 4.30000000e-01  1.38567987e-02  4.30000000e-01  2.88689132e+01  4.30000000e-01  9.72746253e-01  4.30000000e-01  1.55950895e-01  4.30000000e-01  4.27915811e-02 
 4.35000000e-01  1.60032773e-02  4.35000000e-01  2.87409118e+01  4.35000000e-01  9.68816412e-01  4.35000000e-01  1.77898083e-01  4.35000000e-01  4.28007851e-02 
 4.40000000e-01  1.84700521e-02  4.40000000e-01  2.86052710e+01  4.40000000e-01  9.64935272e-01  4.40000000e-01  2.02696565e-01  4.40000000e-01  4.28113610e-02 
 4.45000000e-01  2.13021538e-02  4.45000000e-01  2.84617216e+01  4.45000000e-01  9.61105685e-01  4.45000000e-01  2.30670768e-01  4.45000000e-01  4.28235009e-02 
 4.50000000e-01  2.45503432e-02  4.50000000e-01  2.83100107e+01  4.50000000e-01  9.57330451e-01  4.50000000e-01  2.62173550e-01  4.50000000e-01  4.28374216e-02 
 4.55000000e-01  2.82717177e-02  4.55000000e-01  2.81499061e+01  4.55000000e-01  9.53612275e-01  4.55000000e-01  2.97587211e-01  4.55000000e-01  4.28533666e-02 
 4.60000000e-01  3.25303568e-02  4.60000000e-01  2.79812002e+01  4.60000000e-01  9.49953719e-01  4.60000000e-01  3.37324286e-01  4.60000000e-01  4.28716087e-02 
 4.65000000e-01  3.73980070e-02  4.65000000e-01  2.78037152e+01  4.65000000e-01  9.46357154e-01  4.65000000e-01  3.81828080e-01  4.65000000e-01  4.28924532e-02 
 4.70000000e-01  4.29548022e-02  4.70000000e-01  2.76173075e+01  4.70000000e-01  9.42824700e-01  4.70000000e-01  4.31572898e-01  4.70000000e-01  4.29162406e-02 
 4.75000000e-01  4.92900175e-02  4.75000000e-01  2.74218722e+01  4.75000000e-01  9.39358168e-01  4.75000000e-01  4.87063950e-01  4.75000000e-01  4.29433495e-02 
 4.80000000e-01  5.65028508e-02  4.80000000e-01  2.72173486e+01  4.80000000e-01  9.35958989e-01  4.80000000e-01  5.48836890e-01  4.80000000e-01  4.29741999e-02 
 4.85000000e-01  6.47032279e-02  4.85000000e-01  2.70037240e+01  4.85000000e-01  9.32628147e-01  4.85000000e-01  6.17456979e-01  4.85000000e-01  4.30092563e-02 
 4.90000000e-01  7.40126246e-02  4.90000000e-01  2.67810383e+01  4.90000000e-01  9.29366107e-01  4.90000000e-01  6.93517875e-01  4.90000000e-01  4.30490307e-02 
 4.95000000e-01  8.45649000e-02  4.95000000e-01  2.65493877e+01  4.95000000e-01  9.26172742e-01  4.95000000e-01  7.77640039e-01  4.95000000e-01  4.30940855e-02 
 5.00000000e-01  9.65071322e-02  5.00000000e-01  2.63089281e+01  5.00000000e-01  9.23047258e-01  5.00000000e-01  8.70468816e-01  5.00000000e-01  4.31450372e-02 
 5.05000000e-01  1.10000452e-01  5.05000000e-01  2.60598775e+01  5.05000000e-01  9.19988123e-01  5.05000000e-01  9.72672207e-01  5.05000000e-01  4.32025582e-02 
 5.10000000e-01  1.25220862e-01  5.10000000e-01  2.58025177e+01  5.10000000e-01  9.16993000e-01  5.10000000e-01  1.08493842e+00  5.10000000e-01  4.32673802e-02 
 5.15000000e-01  1.42360043e-01  5.15000000e-01  2.55371949e+01  5.15000000e-01  9.14058683e-01  5.15000000e-01  1.20797324e+00  5.15000000e-01  4.33402962e-02 
 5.20000000e-01  1.61626132e-01  5.20000000e-01  2.52643193e+01  5.20000000e-01  9.11181042e-01  5.20000000e-01  1.34249744e+00  5.20000000e-01  4.34221626e-02 
 5.25000000e-01  1.83244473e-01  5.25000000e-01  2.49843636e+01  5.25000000e-01  9.08354979e-01  5.25000000e-01  1.48924409e+00  5.25000000e-01  4.35139011e-02 
 5.30000000e-01  2.07458334e-01  5.30000000e-01  2.46978596e+01  5.30000000e-01  9.05574392e-01  5.30000000e-01  1.64895625e+00  5.30000000e-01  4.36164994e-02 
 5.35000000e-01  2.34529593e-01  5.35000000e-01  2.44053947e+01  5.35000000e-01  9.02832155e-01  5.35000000e-01  1.82238473e+00  5.35000000e-01  4.37310127e-02 
 5.40000000e-01  2.64739382e-01  5.40000000e-01  2.41076059e+01  5.40000000e-01  9.00120112e-01  5.40000000e-01  2.01028646e+00  5.40000000e-01  4.38585635e-02 
 5.45000000e-01  2.98388709e-01  5.45000000e-01  2.38051733e+01  5.45000000e-01  8.97429087e-01  5.45000000e-01  2.21342322e+00  5.45000000e-01  4.40003414e-02 
 5.50000000e-01  3.35799039e-01  5.50000000e-01  2.34988121e+01  5.50000000e-01  8.94748911e-01  5.50000000e-01  2.43256099e+00  5.50000000e-01  4.41576026e-02 
 5.55000000e-01  3.77312860e-01  5.55000000e-01  2.31892644e+01  5.55000000e-01  8.92068466e-01  5.55000000e-01  2.66846993e+00  5.55000000e-01  4.43316685e-02 
 5.60000000e-01  4.23294229e-01  5.60000000e-01  2.28772888e+01  5.60000000e-01  8.89375744e-01  5.60000000e-01  2.92192494e+00  5.60000000e-01  4.45239234e-02 
 5.65000000e-01  4.74129302e-01  5.65000000e-01  2.25636512e+01  5.65000000e-01  8.86657929e-01  5.65000000e-01  3.19370684e+00  5.65000000e-01  4.47358124e-02 
 5.70000000e-01  5.30226870e-01  5.70000000e-01  2.22491138e+01  5.70000000e-01  8.83901487e-01  5.70000000e-01  3.48460409e+00  5.70000000e-01  4.49688381e-02 
 5.75000000e-01  5.92018889e-01  5.75000000e-01  2.19344249e+01  5.75000000e-01  8.81092277e-01  5.75000000e-01  3.79541482e+00  5.75000000e-01  4.52245567e-02 
 5.80000000e-01  6.59961020e-01  5.80000000e-01  2.16203087e+01  5.80000000e-01  8.78215669e-01  5.80000000e-01  4.12694915e+00  5.80000000e-01  4.55045740e-02 
 5.85000000e-01  7.34533184e-01  5.85000000e-01  2.13074554e+01  5.85000000e-01  8.75256677e-01  5.85000000e-01  4.48003158e+00  5.85000000e-01  4.58105404e-02 
 5.90000000e-01  8.16240114e-01  5.90000000e-01  2.09965121e+01  5.90000000e-01  8.72200099e-01  5.90000000e-01  4.85550318e+00  5.90000000e-01  4.61441449e-02 
 5.95000000e-01  9.05611921e-01  5.95000000e-01  2.06880751e+01  5.95000000e-01  8.69030667e-01  5.95000000e-01  5.25422329e+00  5.95000000e-01  4.65071094e-02 
 6.00000000e-01  1.00320465e+00  6.00000000e-01  2.03826822e+01  6.00000000e-01  8.65733191e-01  6.00000000e-01  5.67707070e+00  6.00000000e-01  4.69011813e-02 
 6.05000000e-01  1.10960080e+00  6.05000000e-01  2.00808076e+01  6.05000000e-01  8.62292717e-01  6.05000000e-01  6.12494380e+00  6.05000000e-01  4.73281261e-02 
 6.10000000e-01  1.22540987e+00  6.10000000e-01  1.97828571e+01  6.10000000e-01  8.58694681e-01  6.10000000e-01  6.59875964e+00  6.10000000e-01  4.77897188e-02 
 6.15000000e-01  1.35126871e+00  6.15000000e-01  1.94891652e+01  6.15000000e-01  8.54925058e-01  6.15000000e-01  7.09945159e+00  6.15000000e-01  4.82877348e-02 
 6.20000000e-01  1.48784193e+00  6.20000000e-01  1.91999935e+01  6.20000000e-01  8.50970510e-01  6.20000000e-01  7.62796547e+00  6.20000000e-01  4.88239394e-02 
 6.25000000e-01  1.63582208e+00  6.25000000e-01  1.89155307e+01  6.25000000e-01  8.46818534e-01  6.25000000e-01  8.18525399e+00  6.25000000e-01  4.94000773e-02 
 6.30000000e-01  1.79592968e+00  6.30000000e-01  1.86358933e+01  6.30000000e-01  8.42457594e-01  6.30000000e-01  8.77226933e+00  6.30000000e-01  5.00178604e-02 
 6.35000000e-01  1.96891309e+00  6.35000000e-01  1.83611288e+01  6.35000000e-01  8.37877253e-01  6.35000000e-01  9.38995389e+00  6.35000000e-01  5.06789552e-02 
 6.40000000e-01  2.15554807e+00  6.40000000e-01  1.80912186e+01  6.40000000e-01  8.33068298e-01  6.40000000e-01  1.00392292e+01  6.40000000e-01  5.13849687e-02 
 6.45000000e-01  2.35663707e+00  6.45000000e-01  1.78260829e+01  6.45000000e-01  8.28022846e-01  6.45000000e-01  1.07209828e+01  6.45000000e-01  5.21374348e-02 
 6.50000000e-01  2.57300821e+00  6.50000000e-01  1.75655861e+01  6.50000000e-01  8.22734451e-01  6.50000000e-01  1.14360539e+01  6.50000000e-01  5.29377981e-02 
 6.55000000e-01  2.80551384e+00  6.55000000e-01  1.73095434e+01  6.55000000e-01  8.17198192e-01  6.55000000e-01  1.21852170e+01  6.55000000e-01  5.37873993e-02 
 6.60000000e-01  3.05502872e+00  6.60000000e-01  1.70577269e+01  6.60000000e-01  8.11410748e-01  6.60000000e-01  1.29691643e+01  6.60000000e-01  5.46874582e-02 
 6.65000000e-01  3.32244773e+00  6.65000000e-01  1.68098737e+01  6.65000000e-01  8.05370462e-01  6.65000000e-01  1.37884875e+01  6.65000000e-01  5.56390581e-02 
 6.70000000e-01  3.60868316e+00  6.70000000e-01  1.65656925e+01  6.70000000e-01  7.99077387e-01  6.70000000e-01  1.46436590e+01  6.70000000e-01  5.66431295e-02 
 6.75000000e-01  3.91466143e+00  6.75000000e-01  1.63248722e+01  6.75000000e-01  7.92533314e-01  6.75000000e-01  1.55350119e+01  6.75000000e-01  5.77004344e-02 
 6.80000000e-01  4.24131943e+00  6.80000000e-01  1.60870888e+01  6.80000000e-01  7.85741783e-01  6.80000000e-01  1.64627221e+01  6.80000000e-01  5.88115518e-02 
 6.85000000e-01  4.58960032e+00  6.85000000e-01  1.58520133e+01  6.85000000e-01  7.78708073e-01  6.85000000e-01  1.74267893e+01  6.85000000e-01  5.99768633e-02 
 6.90000000e-01  4.96044891e+00  6.90000000e-01  1.56193187e+01  6.90000000e-01  7.71439175e-01  6.90000000e-01  1.84270212e+01  6.90000000e-01  6.11965417e-02 
 6.95000000e-01  5.35480659e+00  6.95000000e-01  1.53886872e+01  6.95000000e-01  7.63943737e-01  6.95000000e-01  1.94630177e+01  6.95000000e-01  6.24705399e-02 
 7.00000000e-01  5.77360594e+00  7.00000000e-01  1.51598160e+01  7.00000000e-01  7.56231992e-01  7.00000000e-01  2.05341596e+01  7.00000000e-01  6.37985832e-02 
 7.05000000e-01  6.21776501e+00  7.05000000e-01  1.49324233e+01  7.05000000e-01  7.48315669e-01  7.05000000e-01  2.16395984e+01  7.05000000e-01  6.51801632e-02 
 7.10000000e-01  6.68818137e+00  7.10000000e-01  1.47062532e+01  7.10000000e-01  7.40207873e-01  7.10000000e-01  2.27782509e+01  7.10000000e-01  6.66145356e-02 
 7.15000000e-01  7.18572609e+00  7.15000000e-01  1.44810800e+01  7.15000000e-01  7.31922953e-01  7.15000000e-01  2.39487970e+01  7.15000000e-01  6.81007194e-02 
 7.20000000e-01  7.71123760e+00  7.20000000e-01  1.42567115e+01  7.20000000e-01  7.23476359e-01  7.20000000e-01  2.51496816e+01  7.20000000e-01  6.96375007e-02 
 7.25000000e-01  8.26551570e+00  7.25000000e-01  1.40329912e+01  7.25000000e-01  7.14884469e-01  7.25000000e-01  2.63791209e+01  7.25000000e-01  7.12234387e-02 
 7.30000000e-01  8.84931571e+00  7.30000000e-01  1.38098007e+01  7.30000000e-01  7.06164423e-01  7.30000000e-01  2.76351130e+01  7.30000000e-01  7.28568749e-02 
 7.35000000e-01  9.46334291e+00  7.35000000e-01  1.35870594e+01  7.35000000e-01  6.97333933e-01  7.35000000e-01  2.89154526e+01  7.35000000e-01  7.45359459e-02 
 7.40000000e-01  1.01082474e+01  7.40000000e-01  1.33647250e+01  7.40000000e-01  6.88411105e-01  7.40000000e-01  3.02177498e+01  7.40000000e-01  7.62585980e-02 
 7.45000000e-01  1.07846195e+01  7.45000000e-01  1.31427924e+01  7.45000000e-01  6.79414244e-01  7.45000000e-01  3.15394521e+01  7.45000000e-01  7.80226047e-02 
 7.50000000e-01  1.14929855e+01  7.50000000e-01  1.29212919e+01  7.50000000e-01  6.70361676e-01  7.50000000e-01  3.28778696e+01  7.50000000e-01  7.98255864e-02 
 7.55000000e-01  1.22338045e+01  7.55000000e-01  1.27002869e+01  7.55000000e-01  6.61271573e-01  7.55000000e-01  3.42302033e+01  7.55000000e-01  8.16650318e-02 
 7.60000000e-01  1.30074655e+01  7.60000000e-01  1.24798710e+01  7.60000000e-01  6.52161780e-01  7.60000000e-01  3.55935738e+01  7.60000000e-01  8.35383199e-02 
 7.65000000e-01  1.38142854e+01  7.65000000e-01  1.22601645e+01  7.65000000e-01  6.43049670e-01  7.65000000e-01  3.69650523e+01  7.65000000e-01  8.54427436e-02 
 7.70000000e-01  1.46545081e+01  7.70000000e-01  1.20413110e+01  7.70000000e-01  6.33952002e-01  7.70000000e-01  3.83416914e+01  7.70000000e-01  8.73755332e-02 
 7.75000000e-01  1.55283038e+01  7.75000000e-01  1.18234731e+01  7.75000000e-01  6.24884802e-01  7.75000000e-01  3.97205553e+01  7.75000000e-01  8.93338797e-02 
 7.80000000e-01  1.64357694e+01  7.80000000e-01  1.16068287e+01  7.80000000e-01  6.15863261e-01  7.80000000e-01  4.10987494e+01  7.80000000e-01  9.13149577e-02 
 7.85000000e-01  1.73769297e+01  7.85000000e-01  1.13915669e+01  7.85000000e-01  6.06901650e-01  7.85000000e-01  4.24734473e+01  7.85000000e-01  9.33159472e-02 
 7.90000000e-01  1.83517391e+01  7.90000000e-01  1.11778841e+01  7.90000000e-01  5.98013255e-01  7.90000000e-01  4.38419171e+01  7.90000000e-01  9.53340545e-02 
 7.95000000e-01  1.93600839e+01  7.95000000e-01  1.09659801e+01  7.95000000e-01  5.89210336e-01  7.95000000e-01  4.52015429e+01  7.95000000e-01  9.73665307e-02 
 8.00000000e-01  2.04017852e+01  8.00000000e-01  1.07560549e+01  8.00000000e-01  5.80504091e-01  8.00000000e-01  4.65498456e+01  8.00000000e-01  9.94106895e-02 
 8.05000000e-01  2.14766025e+01  8.05000000e-01  1.05483057e+01  8.05000000e-01  5.71904649e-01  8.05000000e-01  4.78844984e+01  8.05000000e-01  1.01463923e-01 
 8.10000000e-01  2.25842372e+01  8.10000000e-01  1.03429236e+01  8.10000000e-01  5.63421071e-01  8.10000000e-01  4.92033405e+01  8.10000000e-01  1.03523712e-01 
 8.15000000e-01  2.37243368e+01  8.15000000e-01  1.01400914e+01  8.15000000e-01  5.55061366e-01  8.15000000e-01  5.05043870e+01  8.15000000e-01  1.05587644e-01 
 8.20000000e-01  2.48964994e+01  8.20000000e-01  9.93998167e+00  8.20000000e-01  5.46832517e-01  8.20000000e-01  5.17858350e+01  8.20000000e-01  1.07653416e-01 
 8.25000000e-01  2.61002779e+01  8.25000000e-01  9.74275510e+00  8.25000000e-01  5.38740518e-01  8.25000000e-01  5.30460679e+01  8.25000000e-01  1.09718842e-01 
 8.30000000e-01  2.73351846e+01  8.30000000e-01  9.54855900e+00  8.30000000e-01  5.30790420e-01  8.30000000e-01  5.42836557e+01  8.30000000e-01  1.11781865e-01 
 8.35000000e-01  2.86006959e+01  8.35000000e-01  9.35752652e+00  8.35000000e-01  5.22986380e-01  8.35000000e-01  5.54973535e+01  8.35000000e-01  1.13840553e-01 
 8.40000000e-01  2.98962568e+01  8.40000000e-01  9.16977599e+00  8.40000000e-01  5.15331715e-01  8.40000000e-01  5.66860972e+01  8.40000000e-01  1.15893105e-01 
 8.45000000e-01  3.12212848e+01  8.45000000e-01  8.98541061e+00  8.45000000e-01  5.07828963e-01  8.45000000e-01  5.78489980e+01  8.45000000e-01  1.17937851e-01 
 8.50000000e-01  3.25751750e+01  8.50000000e-01  8.80451841e+00  8.50000000e-01  5.00479936e-01  8.50000000e-01  5.89853345e+01  8.50000000e-01  1.19973252e-01 
 8.55000000e-01  3.39573035e+01  8.55000000e-01  8.62717242e+00  8.55000000e-01  4.93285789e-01  8.55000000e-01  6.00945440e+01  8.55000000e-01  1.21997896e-01 
 8.60000000e-01  3.53670313e+01  8.60000000e-01  8.45343102e+00  8.60000000e-01  4.86247072e-01  8.60000000e-01  6.11762129e+01  8.60000000e-01  1.24010497e-01 
 8.65000000e-01  3.68037082e+01  8.65000000e-01  8.28333851e+00  8.65000000e-01  4.79363791e-01  8.65000000e-01  6.22300659e+01  8.65000000e-01  1.26009889e-01 
 8.70000000e-01  3.82666760e+01  8.70000000e-01  8.11692569e+00  8.70000000e-01  4.72635466e-01  8.70000000e-01  6.32559556e+01  8.70000000e-01  1.27995026e-01 
 8.75000000e-01  3.97552715e+01  8.75000000e-01  7.95421071e+00  8.75000000e-01  4.66061180e-01  8.75000000e-01  6.42538508e+01  8.75000000e-01  1.29964973e-01 
 8.80000000e-01  4.12688294e+01  8.80000000e-01  7.79519982e+00  8.80000000e-01  4.59639637e-01  8.80000000e-01  6.52238259e+01  8.80000000e-01  1.31918902e-01 
 8.85000000e-01  4.28066849e+01  8.85000000e-01  7.63988826e+00  8.85000000e-01  4.53369201e-01  8.85000000e-01  6.61660497e+01  8.85000000e-01  1.33856087e-01 
 8.90000000e-01  4.43681761e+01  8.90000000e-01  7.48826119e+00  8.90000000e-01  4.47247952e-01  8.90000000e-01  6.70807748e+01  8.90000000e-01  1.35775898e-01 
 8.95000000e-01  4.59526455e+01  8.95000000e-01  7.34029454e+00  8.95000000e-01  4.41273717e-01  8.95000000e-01  6.79683275e+01  8.95000000e-01  1.37677796e-01 
 9.00000000e-01  4.75594426e+01  9.00000000e-01  7.19595596e+00  9.00000000e-01  4.35444113e-01  9.00000000e-01  6.88290978e+01  9.00000000e-01  1.39561325e-01 
 9.05000000e-01  4.91879248e+01  9.05000000e-01  7.05520566e+00  9.05000000e-01  4.29756583e-01  9.05000000e-01  6.96635307e+01  9.05000000e-01  1.41426107e-01 
 9.10000000e-01  5.08374593e+01  9.10000000e-01  6.91799730e+00  9.10000000e-01  4.24208426e-01  9.10000000e-01  7.04721174e+01  9.10000000e-01  1.43271840e-01 
 9.15000000e-01  5.25074237e+01  9.15000000e-01  6.78427877e+00  9.15000000e-01  4.18796824e-01  9.15000000e-01  7.12553873e+01  9.15000000e-01  1.45098285e-01 
 9.20000000e-01  5.41972075e+01  9.20000000e-01  6.65399297e+00  9.20000000e-01  4.13518870e-01  9.20000000e-01  7.20139009e+01  9.20000000e-01  1.46905269e-01 
 9.25000000e-01  5.59062125e+01  9.25000000e-01  6.52707857e+00  9.25000000e-01  4.08371591e-01  9.25000000e-01  7.27482434e+01  9.25000000e-01  1.48692674e-01 
 9.30000000e-01  5.76338536e+01  9.30000000e-01  6.40347062e+00  9.30000000e-01  4.03351968e-01  9.30000000e-01  7.34590184e+01  9.30000000e-01  1.50460434e-01 
 9.35000000e-01  5.93795594e+01  9.35000000e-01  6.28310125e+00  9.35000000e-01  3.98456952e-01  9.35000000e-01  7.41468425e+01  9.35000000e-01  1.52208531e-01 
 9.40000000e-01  6.11427723e+01  9.40000000e-01  6.16590019e+00  9.40000000e-01  3.93683486e-01  9.40000000e-01  7.48123409e+01  9.40000000e-01  1.53936990e-01 
 9.45000000e-01  6.29229492e+01  9.45000000e-01  6.05179534e+00  9.45000000e-01  3.89028509e-01  9.45000000e-01  7.54561429e+01  9.45000000e-01  1.55645876e-01 
 9.50000000e-01  6.47195610e+01  9.50000000e-01  5.94071322e+00  9.50000000e-01  3.84488977e-01  9.50000000e-01  7.60788782e+01  9.50000000e-01  1.57335287e-01 
 9.55000000e-01  6.65320934e+01  9.55000000e-01  5.83257942e+00  9.55000000e-01  3.80061869e-01  9.55000000e-01  7.66811737e+01  9.55000000e-01  1.59005353e-01 
 9.60000000e-01  6.83600463e+01  9.60000000e-01  5.72731897e+00  9.60000000e-01  3.75744199e-01  9.60000000e-01  7.72636508e+01  9.60000000e-01  1.60656234e-01 
 9.65000000e-01  7.02029341e+01  9.65000000e-01  5.62485672e+00  9.65000000e-01  3.71533017e-01  9.65000000e-01  7.78269231e+01  9.65000000e-01  1.62288114e-01 
 9.70000000e-01  7.20602852e+01  9.70000000e-01  5.52511760e+00  9.70000000e-01  3.67425423e-01  9.70000000e-01  7.83715940e+01  9.70000000e-01  1.63901197e-01 
 9.75000000e-01  7.39316424e+01  9.75000000e-01  5.42802694e+00  9.75000000e-01  3.63418567e-01  9.75000000e-01  7.88982555e+01  9.75000000e-01  1.65495710e-01 
 9.80000000e-01  7.58165620e+01  9.80000000e-01  5.33351067e+00  9.80000000e-01  3.59509657e-01  9.80000000e-01  7.94074866e+01  9.80000000e-01  1.67071894e-01 
 9.85000000e-01  7.77146140e+01  9.85000000e-01  5.24149554e+00  9.85000000e-01  3.55695958e-01  9.85000000e-01  7.98998524e+01  9.85000000e-01  1.68630007e-01 
 9.90000000e-01  7.96253817e+01  9.90000000e-01  5.15190930e+00  9.90000000e-01  3.51974798e-01  9.90000000e-01  8.03759029e+01  9.90000000e-01  1.70170320e-01 
 9.95000000e-01  8.15484612e+01  9.95000000e-01  5.06468084e+00  9.95000000e-01  3.48343570e-01  9.95000000e-01  8.08361727e+01  9.95000000e-01  1.71693111e-01 
 1.00000000e+00  8.34834614e+01  1.00000000e+00  4.97974033e+00  1.00000000e+00  3.44799732e-01  1.00000000e+00  8.12811804e+01  1.00000000e+00  1.73198672e-01 
 1.00500000e+00  8.54300033e+01  1.00500000e+00  4.89701929e+00  1.00500000e+00  3.41340807e-01  1.00500000e+00  8.17114283e+01  1.00500000e+00  1.74687300e-01 
 1.01000000e+00  8.73877200e+01  1.01000000e+00  4.81645072e+00  1.01000000e+00  3.37964386e-01  1.01000000e+00  8.21274022e+01  1.01000000e+00  1.76159298e-01 
 1.01500000e+00  8.93562561e+01  1.01500000e+00  4.73796916e+00  1.01500000e+00  3.34668127e-01  1.01500000e+00  8.25295717e+01  1.01500000e+00  1.77614975e-01 
 1.02000000e+00  9.13352674e+01  1.02000000e+00  4.66151071e+00  1.02000000e+00  3.31449755e-01  1.02000000e+00  8.29183899e+01  1.02000000e+00  1.79054642e-01 
 1.02500000e+00  9.33244206e+01  1.02500000e+00  4.58701310e+00  1.02500000e+00  3.28307060e-01  1.02500000e+00  8.32942936e+01  1.02500000e+00  1.80478615e-01 
 1.03000000e+00  9.53233928e+01  1.03000000e+00  4.51441571e+00  1.03000000e+00  3.25237899e-01  1.03000000e+00  8.36577037e+01  1.03000000e+00  1.81887209e-01 
 1.03500000e+00  9.73318714e+01  1.03500000e+00  4.44365959e+00  1.03500000e+00  3.22240192e-01  1.03500000e+00  8.40090256e+01  1.03500000e+00  1.83280743e-01 
 1.04000000e+00  9.93495534e+01  1.04000000e+00  4.37468743e+00  1.04000000e+00  3.19311925e-01  1.04000000e+00  8.43486492e+01  1.04000000e+00  1.84659532e-01 
 1.04500000e+00  1.01376145e+02  1.04500000e+00  4.30744363e+00  1.04500000e+00  3.16451143e-01  1.04500000e+00  8.46769494e+01  1.04500000e+00  1.86023896e-01 
 1.05000000e+00  1.03411363e+02  1.05000000e+00  4.24187422e+00  1.05000000e+00  3.13655955e-01  1.05000000e+00  8.49942867e+01  1.05000000e+00  1.87374148e-01 
 1.05500000e+00  1.05454931e+02  1.05500000e+00  4.17792689e+00  1.05500000e+00  3.10924529e-01  1.05500000e+00  8.53010076e+01  1.05500000e+00  1.88710602e-01 
 1.06000000e+00  1.07506581e+02  1.06000000e+00  4.11555096e+00  1.06000000e+00  3.08255090e-01  1.06000000e+00  8.55974447e+01  1.06000000e+00  1.90033571e-01 
 1.06500000e+00  1.09566056e+02  1.06500000e+00  4.05469735e+00  1.06500000e+00  3.05645921e-01  1.06500000e+00  8.58839179e+01  1.06500000e+00  1.91343364e-01 
 1.07000000e+00  1.11633103e+02  1.07000000e+00  3.99531855e+00  1.07000000e+00  3.03095359e-01  1.07000000e+00  8.61607339e+01  1.07000000e+00  1.92640287e-01 
 1.07500000e+00  1.13707480e+02  1.07500000e+00  3.93736858e+00  1.07500000e+00  3.00601796e-01  1.07500000e+00  8.64281875e+01  1.07500000e+00  1.93924643e-01 
 1.08000000e+00  1.15788949e+02  1.08000000e+00  3.88080302e+00  1.08000000e+00  2.98163675e-01  1.08000000e+00  8.66865618e+01  1.08000000e+00  1.95196731e-01 
 1.08500000e+00  1.17877283e+02  1.08500000e+00  3.82557887e+00  1.08500000e+00  2.95779491e-01  1.08500000e+00  8.69361284e+01  1.08500000e+00  1.96456847e-01 
 1.09000000e+00  1.19972257e+02  1.09000000e+00  3.77165460e+00  1.09000000e+00  2.93447786e-01  1.09000000e+00  8.71771483e+01  1.09000000e+00  1.97705283e-01 
 1.09500000e+00  1.22073656e+02  1.09500000e+00  3.71899009e+00  1.09500000e+00  2.91167151e-01  1.09500000e+00  8.74098721e+01  1.09500000e+00  1.98942327e-01 
 1.10000000e+00  1.24181270e+02  1.10000000e+00  3.66754655e+00  1.10000000e+00  2.88936222e-01  1.10000000e+00  8.76345405e+01  1.10000000e+00  2.00168261e-01 
 1.10500000e+00  1.26294896e+02  1.10500000e+00  3.61728655e+00  1.10500000e+00  2.86753680e-01  1.10500000e+00  8.78513847e+01  1.10500000e+00  2.01383364e-01 
 1.11000000e+00  1.28414334e+02  1.11000000e+00  3.56817392e+00  1.11000000e+00  2.84618250e-01  1.11000000e+00  8.80606269e+01  1.11000000e+00  2.02587912e-01 
 1.11500000e+00  1.30539394e+02  1.11500000e+00  3.52017375e+00  1.11500000e+00  2.82528696e-01  1.11500000e+00  8.82624804e+01  1.11500000e+00  2.03782174e-01 
 1.12000000e+00  1.32669886e+02  1.12000000e+00  3.47325233e+00  1.12000000e+00  2.80483824e-01  1.12000000e+00  8.84571506e+01  1.12000000e+00  2.04966415e-01 
 1.12500000e+00  1.34805631e+02  1.12500000e+00  3.42737712e+00  1.12500000e+00  2.78482478e-01  1.12500000e+00  8.86448348e+01  1.12500000e+00  2.06140896e-01 
 1.13000000e+00  1.36946449e+02  1.13000000e+00  3.38251671e+00  1.13000000e+00  2.76523541e-01  1.13000000e+00  8.88257228e+01  1.13000000e+00  2.07305874e-01 
 1.13500000e+00  1.39092170e+02  1.13500000e+00  3.33864077e+00  1.13500000e+00  2.74605931e-01  1.13500000e+00  8.89999971e+01  1.13500000e+00  2.08461599e-01 
 1.14000000e+00  1.41242625e+02  1.14000000e+00  3.29572004e+00  1.14000000e+00  2.72728599e-01  1.14000000e+00  8.91678337e+01  1.14000000e+00  2.09608318e-01 
 1.14500000e+00  1.43397652e+02  1.14500000e+00  3.25372628e+00  1.14500000e+00  2.70890534e-01  1.14500000e+00  8.93294016e+01  1.14500000e+00  2.10746274e-01 
 1.15000000e+00  1.45557092e+02  1.15000000e+00  3.21263221e+00  1.15000000e+00  2.69090754e-01  1.15000000e+00  8.94848640e+01  1.15000000e+00  2.11875703e-01 
 1.15500000e+00  1.47720789e+02  1.15500000e+00  3.17241152e+00  1.15500000e+00  2.67328310e-01  1.15500000e+00  8.96343777e+01  1.15500000e+00  2.12996839e-01 
 1.16000000e+00  1.49888593e+02  1.16000000e+00  3.13303880e+00  1.16000000e+00  2.65602283e-01  1.16000000e+00  8.97780943e+01  1.16000000e+00  2.14109910e-01 
 1.16500000e+00  1.52060358e+02  1.16500000e+00  3.09448952e+00  1.16500000e+00  2.63911782e-01  1.16500000e+00  8.99161597e+01  1.16500000e+00  2.15215140e-01 
 1.17000000e+00  1.54235940e+02  1.17000000e+00  3.05674002e+00  1.17000000e+00  2.62255947e-01  1.17000000e+00  9.00487146e+01  1.17000000e+00  2.16312749e-01 
 1.17500000e+00  1.56415199e+02  1.17500000e+00  3.01976742e+00  1.17500000e+00  2.60633942e-01  1.17500000e+00  9.01758951e+01  1.17500000e+00  2.17402950e-01 
 1.18000000e+00  1.58597999e+02  1.18000000e+00  2.98354966e+00  1.18000000e+00  2.59044960e-01  1.18000000e+00  9.02978321e+01  1.18000000e+00  2.18485956e-01 
 1.18500000e+00  1.60784208e+02  1.18500000e+00  2.94806543e+00  1.18500000e+00  2.57488218e-01  1.18500000e+00  9.04146526e+01  1.18500000e+00  2.19561971e-01 
 1.19000000e+00  1.62973696e+02  1.19000000e+00  2.91329414e+00  1.19000000e+00  2.55962957e-01  1.19000000e+00  9.05264788e+01  1.19000000e+00  2.20631199e-01 
 1.19500000e+00  1.65166337e+02  1.19500000e+00  2.87921590e+00  1.19500000e+00  2.54468442e-01  1.19500000e+00  9.06334291e+01  1.19500000e+00  2.21693837e-01 
 1.20000000e+00  1.67362007e+02  1.20000000e+00  2.84581153e+00  1.20000000e+00  2.53003962e-01  1.20000000e+00  9.07356180e+01  1.20000000e+00  2.22750079e-01 
 1.20500000e+00  1.69560587e+02  1.20500000e+00  2.81306245e+00  1.20500000e+00  2.51568825e-01  1.20500000e+00  9.08331561e+01  1.20500000e+00  2.23800116e-01 
 1.21000000e+00  1.71761957e+02  1.21000000e+00  2.78095075e+00  1.21000000e+00  2.50162364e-01  1.21000000e+00  9.09261506e+01  1.21000000e+00  2.24844132e-01 
 1.21500000e+00  1.73966005e+02  1.21500000e+00  2.74945911e+00  1.21500000e+00  2.48783930e-01  1.21500000e+00  9.10147052e+01  1.21500000e+00  2.25882310e-01 
 1.22000000e+00  1.76172616e+02  1.22000000e+00  2.71857077e+00  1.22000000e+00  2.47432893e-01  1.22000000e+00  9.10989204e+01  1.22000000e+00  2.26914828e-01 
 1.22500000e+00  1.78381683e+02  1.22500000e+00  2.68826957e+00  1.22500000e+00  2.46108645e-01  1.22500000e+00  9.11788934e+01  1.22500000e+00  2.27941861e-01 
 1.23000000e+00  1.80593098e+02  1.23000000e+00  2.65853985e+00  1.23000000e+00  2.44810593e-01  1.23000000e+00  9.12547187e+01  1.23000000e+00  2.28963580e-01 
 1.23500000e+00  1.82806756e+02  1.23500000e+00  2.62936648e+00  1.23500000e+00  2.43538165e-01  1.23500000e+00  9.13264876e+01  1.23500000e+00  2.29980151e-01 
 1.24000000e+00  1.85022554e+02  1.24000000e+00  2.60073484e+00  1.24000000e+00  2.42290805e-01  1.24000000e+00  9.13942890e+01  1.24000000e+00  2.30991738e-01 
 1.24500000e+00  1.87240394e+02  1.24500000e+00  2.57263077e+00  1.24500000e+00  2.41067972e-01  1.24500000e+00  9.14582088e+01  1.24500000e+00  2.31998502e-01 
 1.25000000e+00  1.89460176e+02  1.25000000e+00  2.54504059e+00  1.25000000e+00  2.39869142e-01  1.25000000e+00  9.15183308e+01  1.25000000e+00  2.33000600e-01 
 1.25500000e+00  1.91681806e+02  1.25500000e+00  2.51795104e+00  1.25500000e+00  2.38693809e-01  1.25500000e+00  9.15747359e+01  1.25500000e+00  2.33998185e-01 
 1.26000000e+00  1.93905190e+02  1.26000000e+00  2.49134932e+00  1.26000000e+00  2.37541478e-01  1.26000000e+00  9.16275030e+01  1.26000000e+00  2.34991408e-01 
 1.26500000e+00  1.96130236e+02  1.26500000e+00  2.46522302e+00  1.26500000e+00  2.36411670e-01  1.26500000e+00  9.16767087e+01  1.26500000e+00  2.35980415e-01 
 1.27000000e+00  1.98356855e+02  1.27000000e+00  2.43956012e+00  1.27000000e+00  2.35303922e-01  1.27000000e+00  9.17224274e+01  1.27000000e+00  2.36965351e-01 
 1.27500000e+00  2.00584959e+02  1.27500000e+00  2.41434900e+00  1.27500000e+00  2.34217781e-01  1.27500000e+00  9.17647315e+01  1.27500000e+00  2.37946358e-01 
 1.28000000e+00  2.02814462e+02  1.28000000e+00  2.38957840e+00  1.28000000e+00  2.33152809e-01  1.28000000e+00  9.18036912e+01  1.28000000e+00  2.38923572e-01 
 1.28500000e+00  2.05045280e+02  1.28500000e+00  2.36523741e+00  1.28500000e+00  2.32108582e-01  1.28500000e+00  9.18393750e+01  1.28500000e+00  2.39897129e-01 
 1.29000000e+00  2.07277331e+02  1.29000000e+00  2.34131548e+00  1.29000000e+00  2.31084685e-01  1.29000000e+00  9.18718495e+01  1.29000000e+00  2.40867162e-01 
 1.29500000e+00  2.09510534e+02  1.29500000e+00  2.31780235e+00  1.29500000e+00  2.30080717e-01  1.29500000e+00  9.19011794e+01  1.29500000e+00  2.41833801e-01 
 1.30000000e+00  2.11744811e+02  1.30000000e+00  2.29468811e+00  1.30000000e+00  2.29096289e-01  1.30000000e+00  9.19274279e+01  1.30000000e+00  2.42797171e-01 
 1.30500000e+00  2.13980085e+02  1.30500000e+00  2.27196315e+00  1.30500000e+00  2.28131020e-01  1.30500000e+00  9.19506564e+01  1.30500000e+00  2.43757398e-01 
 1.31000000e+00  2.16216278e+02  1.31000000e+00  2.24961814e+00  1.31000000e+00  2.27184544e-01  1.31000000e+00  9.19709247e+01  1.31000000e+00  2.44714603e-01 
 1.31500000e+00  2.18453318e+02  1.31500000e+00  2.22764405e+00  1.31500000e+00  2.26256501e-01  1.31500000e+00  9.19882910e+01  1.31500000e+00  2.45668905e-01 
 1.32000000e+00  2.20691132e+02  1.32000000e+00  2.20603211e+00  1.32000000e+00  2.25346545e-01  1.32000000e+00  9.20028122e+01  1.32000000e+00  2.46620421e-01 
 1.32500000e+00  2.22929648e+02  1.32500000e+00  2.18477381e+00  1.32500000e+00  2.24454338e-01  1.32500000e+00  9.20145434e+01  1.32500000e+00  2.47569265e-01 
 1.33000000e+00  2.25168797e+02  1.33000000e+00  2.16386092e+00  1.33000000e+00  2.23579550e-01  1.33000000e+00  9.20235388e+01  1.33000000e+00  2.48515548e-01 
 1.33500000e+00  2.27408510e+02  1.33500000e+00  2.14328543e+00  1.33500000e+00  2.22721863e-01  1.33500000e+00  9.20298507e+01  1.33500000e+00  2.49459381e-01 
 1.34000000e+00  2.29648720e+02  1.34000000e+00  2.12303956e+00  1.34000000e+00  2.21880965e-01  1.34000000e+00  9.20335306e+01  1.34000000e+00  2.50400871e-01 
 1.34500000e+00  2.31889361e+02  1.34500000e+00  2.10311579e+00  1.34500000e+00  2.21056556e-01  1.34500000e+00  9.20346283e+01  1.34500000e+00  2.51340123e-01 
 1.35000000e+00  2.34130369e+02  1.35000000e+00  2.08350680e+00  1.35000000e+00  2.20248340e-01  1.35000000e+00  9.20331926e+01  1.35000000e+00  2.52277239e-01 
 1.35500000e+00  2.36371681e+02  1.35500000e+00  2.06420547e+00  1.35500000e+00  2.19456033e-01  1.35500000e+00  9.20292711e+01  1.35500000e+00  2.53212320e-01 
 1.36000000e+00  2.38613234e+02  1.36000000e+00  2.04520491e+00  1.36000000e+00  2.18679357e-01  1.36000000e+00  9.20229102e+01  1.36000000e+00  2.54145466e-01 
 1.36500000e+00  2.40854967e+02  1.36500000e+00  2.02649841e+00  1.36500000e+00  2.17918042e-01  1.36500000e+00  9.20141551e+01  1.36500000e+00  2.55076773e-01 
 1.37000000e+00  2.43096821e+02  1.37000000e+00  2.00807946e+00  1.37000000e+00  2.17171824e-01  1.37000000e+00  9.20030500e+01  1.37000000e+00  2.56006336e-01 
 1.37500000e+00  2.45338738e+02  1.37500000e+00  1.98994172e+00  1.37500000e+00  2.16440449e-01  1.37500000e+00  9.19896381e+01  1.37500000e+00  2.56934247e-01 
 1.38000000e+00  2.47580659e+02  1.38000000e+00  1.97207906e+00  1.38000000e+00  2.15723668e-01  1.38000000e+00  9.19739613e+01  1.38000000e+00  2.57860598e-01 
 1.38500000e+00  2.49822528e+02  1.38500000e+00  1.95448549e+00  1.38500000e+00  2.15021238e-01  1.38500000e+00  9.19560608e+01  1.38500000e+00  2.58785477e-01 
 1.39000000e+00  2.52064291e+02  1.39000000e+00  1.93715521e+00  1.39000000e+00  2.14332925e-01  1.39000000e+00  9.19359767e+01  1.39000000e+00  2.59708973e-01 
 1.39500000e+00  2.54305892e+02  1.39500000e+00  1.92008254e+00  1.39500000e+00  2.13658498e-01  1.39500000e+00  9.19137481e+01  1.39500000e+00  2.60631169e-01 
 1.40000000e+00  2.56547278e+02  1.40000000e+00  1.90326202e+00  1.40000000e+00  2.12997737e-01  1.40000000e+00  9.18894133e+01  1.40000000e+00  2.61552152e-01 
 1.40500000e+00  2.58788397e+02  1.40500000e+00  1.88668828e+00  1.40500000e+00  2.12350422e-01  1.40500000e+00  9.18630095e+01  1.40500000e+00  2.62472002e-01 
 1.41000000e+00  2.61029197e+02  1.41000000e+00  1.87035612e+00  1.41000000e+00  2.11716344e-01  1.41000000e+00  9.18345732e+01  1.41000000e+00  2.63390800e-01 
 1.41500000e+00  2.63269627e+02  1.41500000e+00  1.85426050e+00  1.41500000e+00  2.11095298e-01  1.41500000e+00  9.18041400e+01  1.41500000e+00  2.64308625e-01 
 1.42000000e+00  2.65509639e+02  1.42000000e+00  1.83839648e+00  1.42000000e+00  2.10487082e-01  1.42000000e+00  9.17717446e+01  1.42000000e+00  2.65225555e-01 
 1.42500000e+00  2.67749183e+02  1.42500000e+00  1.82275926e+00  1.42500000e+00  2.09891503e-01  1.42500000e+00  9.17374210e+01  1.42500000e+00  2.66141665e-01 
 1.43000000e+00  2.69988212e+02  1.43000000e+00  1.80734419e+00  1.43000000e+00  2.09308371e-01  1.43000000e+00  9.17012023e+01  1.43000000e+00  2.67057029e-01 
 1.43500000e+00  2.72226678e+02  1.43500000e+00  1.79214673e+00  1.43500000e+00  2.08737502e-01  1.43500000e+00  9.16631209e+01  1.43500000e+00  2.67971721e-01 
 1.44000000e+00  2.74464536e+02  1.44000000e+00  1.77716244e+00  1.44000000e+00  2.08178717e-01  1.44000000e+00  9.16232084e+01  1.44000000e+00  2.68885812e-01 
 1.44500000e+00  2.76701739e+02  1.44500000e+00  1.76238702e+00  1.44500000e+00  2.07631840e-01  1.44500000e+00  9.15814956e+01  1.44500000e+00  2.69799372e-01 
 1.45000000e+00  2.78938243e+02  1.45000000e+00  1.74781628e+00  1.45000000e+00  2.07096703e-01  1.45000000e+00  9.15380127e+01  1.45000000e+00  2.70712470e-01 
 1.45500000e+00  2.81174005e+02  1.45500000e+00  1.73344612e+00  1.45500000e+00  2.06573140e-01  1.45500000e+00  9.14927892e+01  1.45500000e+00  2.71625172e-01 
 1.46000000e+00  2.83408981e+02  1.46000000e+00  1.71927257e+00  1.46000000e+00  2.06060990e-01  1.46000000e+00  9.14458538e+01  1.46000000e+00  2.72537546e-01 
 1.46500000e+00  2.85643129e+02  1.46500000e+00  1.70529173e+00  1.46500000e+00  2.05560096e-01  1.46500000e+00  9.13972345e+01  1.46500000e+00  2.73449655e-01 
 1.47000000e+00  2.87876407e+02  1.47000000e+00  1.69149983e+00  1.47000000e+00  2.05070306e-01  1.47000000e+00  9.13469588e+01  1.47000000e+00  2.74361564e-01 
 1.47500000e+00  2.90108774e+02  1.47500000e+00  1.67789318e+00  1.47500000e+00  2.04591471e-01  1.47500000e+00  9.12950535e+01  1.47500000e+00  2.75273334e-01 
 1.48000000e+00  2.92340190e+02  1.48000000e+00  1.66446817e+00  1.48000000e+00  2.04123448e-01  1.48000000e+00  9.12415447e+01  1.48000000e+00  2.76185027e-01 
 1.48500000e+00  2.94570615e+02  1.48500000e+00  1.65122132e+00  1.48500000e+00  2.03666095e-01  1.48500000e+00  9.11864578e+01  1.48500000e+00  2.77096702e-01 
 1.49000000e+00  2.96800011e+02  1.49000000e+00  1.63814918e+00  1.49000000e+00  2.03219276e-01  1.49000000e+00  9.11298178e+01  1.49000000e+00  2.78008418e-01 
 1.49500000e+00  2.99028338e+02  1.49500000e+00  1.62524844e+00  1.49500000e+00  2.02782858e-01  1.49500000e+00  9.10716491e+01  1.49500000e+00  2.78920234e-01 
 1.50000000e+00  3.01255561e+02  1.50000000e+00  1.61251582e+00  1.50000000e+00  2.02356711e-01  1.50000000e+00  9.10119753e+01  1.50000000e+00  2.79832204e-01 
 1.50500000e+00  3.03481640e+02  1.50500000e+00  1.59994817e+00  1.50500000e+00  2.01940710e-01  1.50500000e+00  9.09508197e+01  1.50500000e+00  2.80744386e-01 
 1.51000000e+00  3.05706540e+02  1.51000000e+00  1.58754238e+00  1.51000000e+00  2.01534733e-01  1.51000000e+00  9.08882047e+01  1.51000000e+00  2.81656833e-01 
 1.51500000e+00  3.07930225e+02  1.51500000e+00  1.57529542e+00  1.51500000e+00  2.01138659e-01  1.51500000e+00  9.08241526e+01  1.51500000e+00  2.82569598e-01 
 1.52000000e+00  3.10152659e+02  1.52000000e+00  1.56320435e+00  1.52000000e+00  2.00752373e-01  1.52000000e+00  9.07586847e+01  1.52000000e+00  2.83482735e-01 
 1.52500000e+00  3.12373808e+02  1.52500000e+00  1.55126629e+00  1.52500000e+00  2.00375763e-01  1.52500000e+00  9.06918220e+01  1.52500000e+00  2.84396294e-01 
 1.53000000e+00  3.14593637e+02  1.53000000e+00  1.53947841e+00  1.53000000e+00  2.00008719e-01  1.53000000e+00  9.06235851e+01  1.53000000e+00  2.85310325e-01 
 1.53500000e+00  3.16812114e+02  1.53500000e+00  1.52783798e+00  1.53500000e+00  1.99651134e-01  1.53500000e+00  9.05539938e+01  1.53500000e+00  2.86224879e-01 
 1.54000000e+00  3.19029204e+02  1.54000000e+00  1.51634232e+00  1.54000000e+00  1.99302905e-01  1.54000000e+00  9.04830677e+01  1.54000000e+00  2.87140004e-01 
 1.54500000e+00  3.21244874e+02  1.54500000e+00  1.50498879e+00  1.54500000e+00  1.98963931e-01  1.54500000e+00  9.04108257e+01  1.54500000e+00  2.88055748e-01 
 1.55000000e+00  3.23459094e+02  1.55000000e+00  1.49377484e+00  1.55000000e+00  1.98634115e-01  1.55000000e+00  9.03372862e+01  1.55000000e+00  2.88972156e-01 
 1.55500000e+00  3.25671830e+02  1.55500000e+00  1.48269798e+00  1.55500000e+00  1.98313361e-01  1.55500000e+00  9.02624673e+01  1.55500000e+00  2.89889276e-01 
 1.56000000e+00  3.27883053e+02  1.56000000e+00  1.47175575e+00  1.56000000e+00  1.98001577e-01  1.56000000e+00  9.01863865e+01  1.56000000e+00  2.90807153e-01 
 1.56500000e+00  3.30092730e+02  1.56500000e+00  1.46094578e+00  1.56500000e+00  1.97698673e-01  1.56500000e+00  9.01090608e+01  1.56500000e+00  2.91725829e-01 
 1.57000000e+00  3.32300832e+02  1.57000000e+00  1.45026572e+00  1.57000000e+00  1.97404563e-01  1.57000000e+00  9.00305069e+01  1.57000000e+00  2.92645350e-01 
 1.57500000e+00  3.34507329e+02  1.57500000e+00  1.43971330e+00  1.57500000e+00  1.97119162e-01  1.57500000e+00  8.99507410e+01  1.57500000e+00  2.93565757e-01 
 1.58000000e+00  3.36712191e+02  1.58000000e+00  1.42928628e+00  1.58000000e+00  1.96842387e-01  1.58000000e+00  8.98697787e+01  1.58000000e+00  2.94487093e-01 
 1.58500000e+00  3.38915390e+02  1.58500000e+00  1.41898248e+00  1.58500000e+00  1.96574160e-01  1.58500000e+00  8.97876354e+01  1.58500000e+00  2.95409398e-01 
 1.59000000e+00  3.41116897e+02  1.59000000e+00  1.40879978e+00  1.59000000e+00  1.96314403e-01  1.59000000e+00  8.97043260e+01  1.59000000e+00  2.96332712e-01 
 1.59500000e+00  3.43316684e+02  1.59500000e+00  1.39873609e+00  1.59500000e+00  1.96063041e-01  1.59500000e+00  8.96198648e+01  1.59500000e+00  2.97257077e-01 
 1.60000000e+00  3.45514722e+02  1.60000000e+00  1.38878936e+00  1.60000000e+00  1.95820003e-01  1.60000000e+00  8.95342660e+01  1.60000000e+00  2.98182529e-01 
 1.60500000e+00  3.47710985e+02  1.60500000e+00  1.37895761e+00  1.60500000e+00  1.95585216e-01  1.60500000e+00  8.94475432e+01  1.60500000e+00  2.99109108e-01 
 1.61000000e+00  3.49905445e+02  1.61000000e+00  1.36923887e+00  1.61000000e+00  1.95358615e-01  1.61000000e+00  8.93597095e+01  1.61000000e+00  3.00036850e-01 
 1.61500000e+00  3.52098077e+02  1.61500000e+00  1.35963125e+00  1.61500000e+00  1.95140132e-01  1.61500000e+00  8.92707778e+01  1.61500000e+00  3.00965794e-01 
 1.62000000e+00  3.54288852e+02  1.62000000e+00  1.35013288e+00  1.62000000e+00  1.94929703e-01  1.62000000e+00  8.91807605e+01  1.62000000e+00  3.01895974e-01 
 1.62500000e+00  3.56477747e+02  1.62500000e+00  1.34074192e+00  1.62500000e+00  1.94727269e-01  1.62500000e+00  8.90896698e+01  1.62500000e+00  3.02827426e-01 
 1.63000000e+00  3.58664734e+02  1.63000000e+00  1.33145658e+00  1.63000000e+00  1.94532767e-01  1.63000000e+00  8.89975171e+01  1.63000000e+00  3.03760186e-01 
 1.63500000e+00  3.60849789e+02  1.63500000e+00  1.32227512e+00  1.63500000e+00  1.94346142e-01  1.63500000e+00  8.89043139e+01  1.63500000e+00  3.04694287e-01 
 1.64000000e+00  3.63032887e+02  1.64000000e+00  1.31319581e+00  1.64000000e+00  1.94167338e-01  1.64000000e+00  8.88100709e+01  1.64000000e+00  3.05629764e-01 
 1.64500000e+00  3.65214003e+02  1.64500000e+00  1.30421698e+00  1.64500000e+00  1.93996300e-01  1.64500000e+00  8.87147988e+01  1.64500000e+00  3.06566648e-01 
 1.65000000e+00  3.67393114e+02  1.65000000e+00  1.29533699e+00  1.65000000e+00  1.93832977e-01  1.65000000e+00  8.86185077e+01  1.65000000e+00  3.07504973e-01 
 1.65500000e+00  3.69570194e+02  1.65500000e+00  1.28655422e+00  1.65500000e+00  1.93677320e-01  1.65500000e+00  8.85212074e+01  1.65500000e+00  3.08444771e-01 
 1.66000000e+00  3.71745220e+02  1.66000000e+00  1.27786710e+00  1.66000000e+00  1.93529280e-01  1.66000000e+00  8.84229073e+01  1.66000000e+00  3.09386072e-01 
 1.66500000e+00  3.73918169e+02  1.66500000e+00  1.26927408e+00  1.66500000e+00  1.93388811e-01  1.66500000e+00  8.83236165e+01  1.66500000e+00  3.10328908e-01 
 1.67000000e+00  3.76089018e+02  1.67000000e+00  1.26077365e+00  1.67000000e+00  1.93255869e-01  1.67000000e+00  8.82233438e+01  1.67000000e+00  3.11273309e-01 
 1.67500000e+00  3.78257744e+02  1.67500000e+00  1.25236433e+00  1.67500000e+00  1.93130411e-01  1.67500000e+00  8.81220976e+01  1.67500000e+00  3.12219304e-01 
 1.68000000e+00  3.80424324e+02  1.68000000e+00  1.24404466e+00  1.68000000e+00  1.93012396e-01  1.68000000e+00  8.80198857e+01  1.68000000e+00  3.13166923e-01 
 1.68500000e+00  3.82588736e+02  1.68500000e+00  1.23581322e+00  1.68500000e+00  1.92901786e-01  1.68500000e+00  8.79167161e+01  1.68500000e+00  3.14116194e-01 
 1.69000000e+00  3.84750958e+02  1.69000000e+00  1.22766861e+00  1.69000000e+00  1.92798543e-01  1.69000000e+00  8.78125959e+01  1.69000000e+00  3.15067145e-01 
 1.69500000e+00  3.86910968e+02  1.69500000e+00  1.21960947e+00  1.69500000e+00  1.92702630e-01  1.69500000e+00  8.77075323e+01  1.69500000e+00  3.16019805e-01 
 1.70000000e+00  3.89068745e+02  1.70000000e+00  1.21163446e+00  1.70000000e+00  1.92614015e-01  1.70000000e+00  8.76015318e+01  1.70000000e+00  3.16974200e-01 
 1.70500000e+00  3.91224268e+02  1.70500000e+00  1.20374226e+00  1.70500000e+00  1.92532664e-01  1.70500000e+00  8.74946009e+01  1.70500000e+00  3.17930358e-01 
 1.71000000e+00  3.93377514e+02  1.71000000e+00  1.19593159e+00  1.71000000e+00  1.92458547e-01  1.71000000e+00  8.73867454e+01  1.71000000e+00  3.18888303e-01 
 1.71500000e+00  3.95528464e+02  1.71500000e+00  1.18820118e+00  1.71500000e+00  1.92391635e-01  1.71500000e+00  8.72779712e+01  1.71500000e+00  3.19848063e-01 
 1.72000000e+00  3.97677097e+02  1.72000000e+00  1.18054979e+00  1.72000000e+00  1.92331899e-01  1.72000000e+00  8.71682836e+01  1.72000000e+00  3.20809662e-01 
 1.72500000e+00  3.99823392e+02  1.72500000e+00  1.17297621e+00  1.72500000e+00  1.92279314e-01  1.72500000e+00  8.70576875e+01  1.72500000e+00  3.21773126e-01 
 1.73000000e+00  4.01967329e+02  1.73000000e+00  1.16547924e+00  1.73000000e+00  1.92233855e-01  1.73000000e+00  8.69461878e+01  1.73000000e+00  3.22738478e-01 
 1.73500000e+00  4.04108888e+02  1.73500000e+00  1.15805772e+00  1.73500000e+00  1.92195499e-01  1.73500000e+00  8.68337887e+01  1.73500000e+00  3.23705744e-01 
 1.74000000e+00  4.06248050e+02  1.74000000e+00  1.15071051e+00  1.74000000e+00  1.92164225e-01  1.74000000e+00  8.67204944e+01  1.74000000e+00  3.24674946e-01 
 1.74500000e+00  4.08384795e+02  1.74500000e+00  1.14343646e+00  1.74500000e+00  1.92140012e-01  1.74500000e+00  8.66063086e+01  1.74500000e+00  3.25646108e-01 
 1.75000000e+00  4.10519102e+02  1.75000000e+00  1.13623449e+00  1.75000000e+00  1.92122841e-01  1.75000000e+00  8.64912347e+01  1.75000000e+00  3.26619254e-01 
 1.75500000e+00  4.12650954e+02  1.75500000e+00  1.12910351e+00  1.75500000e+00  1.92112697e-01  1.75500000e+00  8.63752758e+01  1.75500000e+00  3.27594404e-01 
 1.76000000e+00  4.14780331e+02  1.76000000e+00  1.12204246e+00  1.76000000e+00  1.92109562e-01  1.76000000e+00  8.62584349e+01  1.76000000e+00  3.28571582e-01 
 1.76500000e+00  4.16907214e+02  1.76500000e+00  1.11505028e+00  1.76500000e+00  1.92113424e-01  1.76500000e+00  8.61407143e+01  1.76500000e+00  3.29550809e-01 
 1.77000000e+00  4.19031585e+02  1.77000000e+00  1.10812596e+00  1.77000000e+00  1.92124268e-01  1.77000000e+00  8.60221162e+01  1.77000000e+00  3.30532106e-01 
 1.77500000e+00  4.21153424e+02  1.77500000e+00  1.10126850e+00  1.77500000e+00  1.92142084e-01  1.77500000e+00  8.59026426e+01  1.77500000e+00  3.31515495e-01 
 1.78000000e+00  4.23272714e+02  1.78000000e+00  1.09447690e+00  1.78000000e+00  1.92166862e-01  1.78000000e+00  8.57822950e+01  1.78000000e+00  3.32500997e-01 
 1.78500000e+00  4.25389436e+02  1.78500000e+00  1.08775019e+00  1.78500000e+00  1.92198592e-01  1.78500000e+00  8.56610747e+01  1.78500000e+00  3.33488630e-01 
 1.79000000e+00  4.27503572e+02  1.79000000e+00  1.08108743e+00  1.79000000e+00  1.92237269e-01  1.79000000e+00  8.55389827e+01  1.79000000e+00  3.34478416e-01 
 1.79500000e+00  4.29615104e+02  1.79500000e+00  1.07448768e+00  1.79500000e+00  1.92282886e-01  1.79500000e+00  8.54160196e+01  1.79500000e+00  3.35470374e-01 
 1.80000000e+00  4.31724015e+02  1.80000000e+00  1.06795002e+00  1.80000000e+00  1.92335439e-01  1.80000000e+00  8.52921859e+01  1.80000000e+00  3.36464523e-01 
