 0.00000000e+00  2.23968066e-07  0.00000000e+00  1.49548403e+01  0.00000000e+00  6.22196045e-01  0.00000000e+00  1.16362371e-06  0.00000000e+00  4.17612888e-02 
 5.00000000e-03  2.41814901e-07  5.00000000e-03  1.57100141e+01  5.00000000e-03  6.51584257e-01  5.00000000e-03  1.32202698e-06  5.00000000e-03  4.17612890e-02 
 1.00000000e-02  2.62057043e-07  1.00000000e-02  1.64420105e+01  1.00000000e-02  6.79819114e-01  1.00000000e-02  1.50193715e-06  1.00000000e-02  4.17612892e-02 
 1.50000000e-02  2.85015067e-07  1.50000000e-02  1.71464175e+01  1.50000000e-02  7.06727778e-01  1.50000000e-02  1.70626476e-06  1.50000000e-02  4.17612894e-02 
 2.00000000e-02  3.11055348e-07  2.00000000e-02  1.78194085e+01  2.00000000e-02  7.32163766e-01  2.00000000e-02  1.93831263e-06  2.00000000e-02  4.17612897e-02 
 2.50000000e-02  3.40591444e-07  2.50000000e-02  1.84580666e+01  2.50000000e-02  7.56019823e-01  2.50000000e-02  2.20182836e-06  2.50000000e-02  4.17612900e-02 
 3.00000000e-02  3.74088260e-07  3.00000000e-02  1.90604893e+01  3.00000000e-02  7.78231617e-01  3.00000000e-02  2.50106401e-06  3.00000000e-02  4.17612903e-02 
 3.50000000e-02  4.12082868e-07  3.50000000e-02  1.96250553e+01  3.50000000e-02  7.98747257e-01  3.50000000e-02  2.84084351e-06  3.50000000e-02  4.17612907e-02 
 4.00000000e-02  4.55173399e-07  4.00000000e-02  2.01513891e+01  4.00000000e-02  8.17566218e-01  4.00000000e-02  3.22663917e-06  4.00000000e-02  4.17612911e-02 
 4.50000000e-02  5.04048192e-07  4.50000000e-02  2.06393133e+01  4.50000000e-02  8.34696193e-01  4.50000000e-02  3.66465827e-06  4.50000000e-02  4.17612916e-02 
 5.00000000e-02  5.59481628e-07  5.00000000e-02  2.10894806e+01  5.00000000e-02  8.50178427e-01  5.00000000e-02  4.16194113e-06  5.00000000e-02  4.17612922e-02 
 5.50000000e-02  6.22352170e-07  5.50000000e-02  2.15029882e+01  5.50000000e-02  8.64071681e-01  5.50000000e-02  4.72647217e-06  5.50000000e-02  4.17612928e-02 
 6.00000000e-02  6.93659019e-07  6.00000000e-02  2.18811996e+01  6.00000000e-02  8.76444828e-01  6.00000000e-02  5.36730564e-06  6.00000000e-02  4.17612935e-02 
 6.50000000e-02  7.74533215e-07  6.50000000e-02  2.22258314e+01  6.50000000e-02  8.87380120e-01  6.50000000e-02  6.09470795e-06  6.50000000e-02  4.17612943e-02 
 7.00000000e-02  8.66259842e-07  7.00000000e-02  2.25387305e+01  7.00000000e-02  8.96964125e-01  7.00000000e-02  6.92031868e-06  7.00000000e-02  4.17612953e-02 
 7.50000000e-02  9.70293290e-07  7.50000000e-02  2.28219508e+01  7.50000000e-02  9.05290650e-01  7.50000000e-02  7.85733295e-06  7.50000000e-02  4.17612963e-02 
 8.00000000e-02  1.08828502e-06  8.00000000e-02  2.30775555e+01  8.00000000e-02  9.12452817e-01  8.00000000e-02  8.92070751e-06  8.00000000e-02  4.17612975e-02 
 8.50000000e-02  1.22210853e-06  8.50000000e-02  2.33076100e+01  8.50000000e-02  9.18542777e-01  8.50000000e-02  1.01273941e-05  8.50000000e-02  4.17612988e-02 
 9.00000000e-02  1.37388295e-06  9.00000000e-02  2.35142507e+01  9.00000000e-02  9.23654392e-01  9.00000000e-02  1.14966033e-05  9.00000000e-02  4.17613004e-02 
 9.50000000e-02  1.54602026e-06  9.50000000e-02  2.36993945e+01  9.50000000e-02  9.27871838e-01  9.50000000e-02  1.30501025e-05  9.50000000e-02  4.17613021e-02 
 1.00000000e-01  1.74124881e-06  1.00000000e-01  2.38649881e+01  1.00000000e-01  9.31279457e-01  1.00000000e-01  1.48125536e-05  1.00000000e-01  4.17613040e-02 
 1.05000000e-01  1.96266614e-06  1.05000000e-01  2.40128219e+01  1.05000000e-01  9.33954515e-01  1.05000000e-01  1.68118939e-05  1.05000000e-01  4.17613063e-02 
 1.10000000e-01  2.21378471e-06  1.10000000e-01  2.41445790e+01  1.10000000e-01  9.35969197e-01  1.10000000e-01  1.90797668e-05  1.10000000e-01  4.17613088e-02 
 1.15000000e-01  2.49858606e-06  1.15000000e-01  2.42618423e+01  1.15000000e-01  9.37390947e-01  1.15000000e-01  2.16520086e-05  1.15000000e-01  4.17613117e-02 
 1.20000000e-01  2.82159018e-06  1.20000000e-01  2.43660283e+01  1.20000000e-01  9.38279992e-01  1.20000000e-01  2.45691981e-05  1.20000000e-01  4.17613149e-02 
 1.25000000e-01  3.18791382e-06  1.25000000e-01  2.44585140e+01  1.25000000e-01  9.38694306e-01  1.25000000e-01  2.78772771e-05  1.25000000e-01  4.17613186e-02 
 1.30000000e-01  3.60336483e-06  1.30000000e-01  2.45405087e+01  1.30000000e-01  9.38684755e-01  1.30000000e-01  3.16282516e-05  1.30000000e-01  4.17613227e-02 
 1.35000000e-01  4.07453099e-06  1.35000000e-01  2.46131015e+01  1.35000000e-01  9.38296994e-01  1.35000000e-01  3.58809824e-05  1.35000000e-01  4.17613275e-02 
 1.40000000e-01  4.60888133e-06  1.40000000e-01  2.46772885e+01  1.40000000e-01  9.37572587e-01  1.40000000e-01  4.07020779e-05  1.40000000e-01  4.17613328e-02 
 1.45000000e-01  5.21488130e-06  1.45000000e-01  2.47339882e+01  1.45000000e-01  9.36549664e-01  1.45000000e-01  4.61669008e-05  1.45000000e-01  4.17613389e-02 
 1.50000000e-01  5.90213434e-06  1.50000000e-01  2.47840058e+01  1.50000000e-01  9.35261591e-01  1.50000000e-01  5.23607038e-05  1.50000000e-01  4.17613458e-02 
 1.55000000e-01  6.68152617e-06  1.55000000e-01  2.48280780e+01  1.55000000e-01  9.33738765e-01  1.55000000e-01  5.93799103e-05  1.55000000e-01  4.17613536e-02 
 1.60000000e-01  7.56540386e-06  1.60000000e-01  2.48668492e+01  1.60000000e-01  9.32007744e-01  1.60000000e-01  6.73335569e-05  1.60000000e-01  4.17613625e-02 
 1.65000000e-01  8.56776594e-06  1.65000000e-01  2.49009000e+01  1.65000000e-01  9.30092379e-01  1.65000000e-01  7.63449205e-05  1.65000000e-01  4.17613726e-02 
 1.70000000e-01  9.70448166e-06  1.70000000e-01  2.49307552e+01  1.70000000e-01  9.28014145e-01  1.70000000e-01  8.65533496e-05  1.70000000e-01  4.17613840e-02 
 1.75000000e-01  1.09935450e-05  1.75000000e-01  2.49568771e+01  1.75000000e-01  9.25791951e-01  1.75000000e-01  9.81163280e-05  1.75000000e-01  4.17613969e-02 
 1.80000000e-01  1.24553604e-05  1.80000000e-01  2.49796693e+01  1.80000000e-01  9.23442289e-01  1.80000000e-01  1.11211797e-04  1.80000000e-01  4.17614116e-02 
 1.85000000e-01  1.41130524e-05  1.85000000e-01  2.49995066e+01  1.85000000e-01  9.20980404e-01  1.85000000e-01  1.26040770e-04  1.85000000e-01  4.17614282e-02 
 1.90000000e-01  1.59928487e-05  1.90000000e-01  2.50167010e+01  1.90000000e-01  9.18419050e-01  1.90000000e-01  1.42830271e-04  1.90000000e-01  4.17614471e-02 
 1.95000000e-01  1.81244741e-05  1.95000000e-01  2.50315426e+01  1.95000000e-01  9.15770020e-01  1.95000000e-01  1.61836648e-04  1.95000000e-01  4.17614685e-02 
 2.00000000e-01  2.05416295e-05  2.00000000e-01  2.50442815e+01  2.00000000e-01  9.13043524e-01  2.00000000e-01  1.83349282e-04  2.00000000e-01  4.17614928e-02 
 2.05000000e-01  2.32825190e-05  2.05000000e-01  2.50551375e+01  2.05000000e-01  9.10248540e-01  2.05000000e-01  2.07694776e-04  2.05000000e-01  4.17615203e-02 
 2.10000000e-01  2.63904468e-05  2.10000000e-01  2.50643063e+01  2.10000000e-01  9.07393078e-01  2.10000000e-01  2.35241643e-04  2.10000000e-01  4.17615515e-02 
 2.15000000e-01  2.99145000e-05  2.15000000e-01  2.50719582e+01  2.15000000e-01  9.04484151e-01  2.15000000e-01  2.66405582e-04  2.15000000e-01  4.17615869e-02 
 2.20000000e-01  3.39103204e-05  2.20000000e-01  2.50782403e+01  2.20000000e-01  9.01527856e-01  2.20000000e-01  3.01655397e-04  2.20000000e-01  4.17616270e-02 
 2.25000000e-01  3.84409643e-05  2.25000000e-01  2.50832874e+01  2.25000000e-01  8.98529783e-01  2.25000000e-01  3.41519638e-04  2.25000000e-01  4.17616725e-02 
 2.30000000e-01  4.35779093e-05  2.30000000e-01  2.50872089e+01  2.30000000e-01  8.95494575e-01  2.30000000e-01  3.86594053e-04  2.30000000e-01  4.17617240e-02 
 2.35000000e-01  4.94021546e-05  2.35000000e-01  2.50901044e+01  2.35000000e-01  8.92426471e-01  2.35000000e-01  4.37549946e-04  2.35000000e-01  4.17617825e-02 
 2.40000000e-01  5.60054933e-05  2.40000000e-01  2.50920588e+01  2.40000000e-01  8.89329171e-01  2.40000000e-01  4.95143535e-04  2.40000000e-01  4.17618488e-02 
 2.45000000e-01  6.34919492e-05  2.45000000e-01  2.50931434e+01  2.45000000e-01  8.86205849e-01  2.45000000e-01  5.60226452e-04  2.45000000e-01  4.17619240e-02 
 2.50000000e-01  7.19793891e-05  2.50000000e-01  2.50934203e+01  2.50000000e-01  8.83059360e-01  2.50000000e-01  6.33757486e-04  2.50000000e-01  4.17620092e-02 
 2.55000000e-01  8.16013646e-05  2.55000000e-01  2.50929415e+01  2.55000000e-01  8.79892169e-01  2.55000000e-01  7.16815741e-04  2.55000000e-01  4.17621058e-02 
 2.60000000e-01  9.25091878e-05  2.60000000e-01  2.50917495e+01  2.60000000e-01  8.76706421e-01  2.60000000e-01  8.10615349e-04  2.60000000e-01  4.17622153e-02 
 2.65000000e-01  1.04874273e-04  2.65000000e-01  2.50898809e+01  2.65000000e-01  8.73504047e-01  2.65000000e-01  9.16521938e-04  2.65000000e-01  4.17623394e-02 
 2.70000000e-01  1.18890815e-04  2.70000000e-01  2.50873616e+01  2.70000000e-01  8.70286611e-01  2.70000000e-01  1.03607103e-03  2.70000000e-01  4.17624801e-02 
 2.75000000e-01  1.34778771e-04  2.75000000e-01  2.50842136e+01  2.75000000e-01  8.67055561e-01  2.75000000e-01  1.17098859e-03  2.75000000e-01  4.17626396e-02 
 2.80000000e-01  1.52787268e-04  2.80000000e-01  2.50804537e+01  2.80000000e-01  8.63812167e-01  2.80000000e-01  1.32321403e-03  2.80000000e-01  4.17628204e-02 
 2.85000000e-01  1.73198453e-04  2.85000000e-01  2.50760913e+01  2.85000000e-01  8.60557474e-01  2.85000000e-01  1.49492581e-03  2.85000000e-01  4.17630253e-02 
 2.90000000e-01  1.96331836e-04  2.90000000e-01  2.50711314e+01  2.90000000e-01  8.57292393e-01  2.90000000e-01  1.68857007e-03  2.90000000e-01  4.17632575e-02 
 2.95000000e-01  2.22549194e-04  2.95000000e-01  2.50655743e+01  2.95000000e-01  8.54017704e-01  2.95000000e-01  1.90689255e-03  2.95000000e-01  4.17635207e-02 
 3.00000000e-01  2.52260118e-04  3.00000000e-01  2.50594169e+01  3.00000000e-01  8.50734100e-01  3.00000000e-01  2.15297411e-03  3.00000000e-01  4.17638189e-02 
 3.05000000e-01  2.85928291e-04  3.05000000e-01  2.50526510e+01  3.05000000e-01  8.47442131e-01  3.05000000e-01  2.43027043e-03  3.05000000e-01  4.17641569e-02 
 3.10000000e-01  3.24078554e-04  3.10000000e-01  2.50452646e+01  3.10000000e-01  8.44142267e-01  3.10000000e-01  2.74265610e-03  3.10000000e-01  4.17645398e-02 
 3.15000000e-01  3.67304899e-04  3.15000000e-01  2.50372428e+01  3.15000000e-01  8.40834910e-01  3.15000000e-01  3.09447375e-03  3.15000000e-01  4.17649737e-02 
 3.20000000e-01  4.16279487e-04  3.20000000e-01  2.50285669e+01  3.20000000e-01  8.37520382e-01  3.20000000e-01  3.49058870e-03  3.20000000e-01  4.17654653e-02 
 3.25000000e-01  4.71762829e-04  3.25000000e-01  2.50192147e+01  3.25000000e-01  8.34198933e-01  3.25000000e-01  3.93644968e-03  3.25000000e-01  4.17660223e-02 
 3.30000000e-01  5.34615258e-04  3.30000000e-01  2.50091608e+01  3.30000000e-01  8.30870758e-01  3.30000000e-01  4.43815637e-03  3.30000000e-01  4.17666531e-02 
 3.35000000e-01  6.05809869e-04  3.35000000e-01  2.49983768e+01  3.35000000e-01  8.27536002e-01  3.35000000e-01  5.00253430e-03  3.35000000e-01  4.17673677e-02 
 3.40000000e-01  6.86447113e-04  3.40000000e-01  2.49868311e+01  3.40000000e-01  8.24194760e-01  3.40000000e-01  5.63721808e-03  3.40000000e-01  4.17681771e-02 
 3.45000000e-01  7.77771227e-04  3.45000000e-01  2.49744892e+01  3.45000000e-01  8.20847084e-01  3.45000000e-01  6.35074359e-03  3.45000000e-01  4.17690937e-02 
 3.50000000e-01  8.81188744e-04  3.50000000e-01  2.49613132e+01  3.50000000e-01  8.17492986e-01  3.50000000e-01  7.15265025e-03  3.50000000e-01  4.17701316e-02 
 3.55000000e-01  9.98289335e-04  3.55000000e-01  2.49472626e+01  3.55000000e-01  8.14132440e-01  3.55000000e-01  8.05359422e-03  3.55000000e-01  4.17713068e-02 
 3.60000000e-01  1.13086924e-03  3.60000000e-01  2.49322939e+01  3.60000000e-01  8.10765392e-01  3.60000000e-01  9.06547375e-03  3.60000000e-01  4.17726374e-02 
 3.65000000e-01  1.28095767e-03  3.65000000e-01  2.49163603e+01  3.65000000e-01  8.07391747e-01  3.65000000e-01  1.02015677e-02  3.65000000e-01  4.17741436e-02 
 3.70000000e-01  1.45084640e-03  3.70000000e-01  2.48994123e+01  3.70000000e-01  8.04011383e-01  3.70000000e-01  1.14766886e-02  3.70000000e-01  4.17758483e-02 
 3.75000000e-01  1.64312310e-03  3.75000000e-01  2.48813974e+01  3.75000000e-01  8.00624155e-01  3.75000000e-01  1.29073520e-02  3.75000000e-01  4.17777777e-02 
 3.80000000e-01  1.86070872e-03  3.80000000e-01  2.48622601e+01  3.80000000e-01  7.97229880e-01  3.80000000e-01  1.45119625e-02  3.80000000e-01  4.17799608e-02 
 3.85000000e-01  2.10689941e-03  3.85000000e-01  2.48419417e+01  3.85000000e-01  7.93828350e-01  3.85000000e-01  1.63110197e-02  3.85000000e-01  4.17824308e-02 
 3.90000000e-01  2.38541362e-03  3.90000000e-01  2.48203808e+01  3.90000000e-01  7.90419331e-01  3.90000000e-01  1.83273442e-02  3.90000000e-01  4.17852249e-02 
 3.95000000e-01  2.70044473e-03  3.95000000e-01  2.47975130e+01  3.95000000e-01  7.87002560e-01  3.95000000e-01  2.05863265e-02  3.95000000e-01  4.17883850e-02 
 4.00000000e-01  3.05672015e-03  4.00000000e-01  2.47732709e+01  4.00000000e-01  7.83577743e-01  4.00000000e-01  2.31162006e-02  4.00000000e-01  4.17919584e-02 
 4.05000000e-01  3.45956731e-03  4.05000000e-01  2.47475843e+01  4.05000000e-01  7.80144555e-01  4.05000000e-01  2.59483442e-02  4.05000000e-01  4.17959985e-02 
 4.10000000e-01  3.91498751e-03  4.10000000e-01  2.47203801e+01  4.10000000e-01  7.76702641e-01  4.10000000e-01  2.91176074e-02  4.10000000e-01  4.18005652e-02 
 4.15000000e-01  4.42973840e-03  4.15000000e-01  2.46915825e+01  4.15000000e-01  7.73251608e-01  4.15000000e-01  3.26626728e-02  4.15000000e-01  4.18057261e-02 
 4.20000000e-01  5.01142600e-03  4.20000000e-01  2.46611132e+01  4.20000000e-01  7.69791030e-01  4.20000000e-01  3.66264497e-02  4.20000000e-01  4.18115571e-02 
 4.25000000e-01  5.66860735e-03  4.25000000e-01  2.46288910e+01  4.25000000e-01  7.66320437e-01  4.25000000e-01  4.10565040e-02  4.25000000e-01  4.18181436e-02 
 4.30000000e-01  6.41090480e-03  4.30000000e-01  2.45948329e+01  4.30000000e-01  7.62839316e-01  4.30000000e-01  4.60055267e-02  4.30000000e-01  4.18255816e-02 
 4.35000000e-01  7.24913320e-03  4.35000000e-01  2.45588534e+01  4.35000000e-01  7.59347105e-01  4.35000000e-01  5.15318446e-02  4.35000000e-01  4.18339787e-02 
 4.40000000e-01  8.19544128e-03  4.40000000e-01  2.45208653e+01  4.40000000e-01  7.55843190e-01  4.40000000e-01  5.76999750e-02  4.40000000e-01  4.18434559e-02 
 4.45000000e-01  9.26346866e-03  4.45000000e-01  2.44807796e+01  4.45000000e-01  7.52326893e-01  4.45000000e-01  6.45812278e-02  4.45000000e-01  4.18541488e-02 
 4.50000000e-01  1.04685198e-02  4.50000000e-01  2.44385062e+01  4.50000000e-01  7.48797473e-01  4.50000000e-01  7.22543580e-02  4.50000000e-01  4.18662093e-02 
 4.55000000e-01  1.18277571e-02  4.55000000e-01  2.43939541e+01  4.55000000e-01  7.45254112e-01  4.55000000e-01  8.08062709e-02  4.55000000e-01  4.18798075e-02 
 4.60000000e-01  1.33604136e-02  4.60000000e-01  2.43470319e+01  4.60000000e-01  7.41695912e-01  4.60000000e-01  9.03327838e-02  4.60000000e-01  4.18951338e-02 
 4.65000000e-01  1.50880293e-02  4.65000000e-01  2.42976480e+01  4.65000000e-01  7.38121878e-01  4.65000000e-01  1.00939447e-01  4.65000000e-01  4.19124010e-02 
 4.70000000e-01  1.70347104e-02  4.70000000e-01  2.42457118e+01  4.70000000e-01  7.34530914e-01  4.70000000e-01  1.12742426e-01  4.70000000e-01  4.19318466e-02 
 4.75000000e-01  1.92274163e-02  4.75000000e-01  2.41911337e+01  4.75000000e-01  7.30921807e-01  4.75000000e-01  1.25869452e-01  4.75000000e-01  4.19537358e-02 
 4.80000000e-01  2.16962740e-02  4.80000000e-01  2.41338261e+01  4.80000000e-01  7.27293214e-01  4.80000000e-01  1.40460833e-01  4.80000000e-01  4.19783641e-02 
 4.85000000e-01  2.44749246e-02  4.85000000e-01  2.40737040e+01  4.85000000e-01  7.23643648e-01  4.85000000e-01  1.56670544e-01  4.85000000e-01  4.20060603e-02 
 4.90000000e-01  2.76009023e-02  4.90000000e-01  2.40106860e+01  4.90000000e-01  7.19971463e-01  4.90000000e-01  1.74667387e-01  4.90000000e-01  4.20371903e-02 
 4.95000000e-01  3.11160506e-02  4.95000000e-01  2.39446950e+01  4.95000000e-01  7.16274832e-01  4.95000000e-01  1.94636226e-01  4.95000000e-01  4.20721601e-02 
 5.00000000e-01  3.50669760e-02  5.00000000e-01  2.38756592e+01  5.00000000e-01  7.12551732e-01  5.00000000e-01  2.16779305e-01  5.00000000e-01  4.21114203e-02 
 5.05000000e-01  3.95055447e-02  5.05000000e-01  2.38035129e+01  5.05000000e-01  7.08799924e-01  5.05000000e-01  2.41317642e-01  5.05000000e-01  4.21554696e-02 
 5.10000000e-01  4.44894226e-02  5.10000000e-01  2.37281978e+01  5.10000000e-01  7.05016929e-01  5.10000000e-01  2.68492516e-01  5.10000000e-01  4.22048598e-02 
 5.15000000e-01  5.00826638e-02  5.15000000e-01  2.36496637e+01  5.15000000e-01  7.01200007e-01  5.15000000e-01  2.98567036e-01  5.15000000e-01  4.22601996e-02 
 5.20000000e-01  5.63563499e-02  5.20000000e-01  2.35678693e+01  5.20000000e-01  6.97346132e-01  5.20000000e-01  3.31827800e-01  5.20000000e-01  4.23221602e-02 
 5.25000000e-01  6.33892827e-02  5.25000000e-01  2.34827837e+01  5.25000000e-01  6.93451971e-01  5.25000000e-01  3.68586654e-01  5.25000000e-01  4.23914797e-02 
 5.30000000e-01  7.12687358e-02  5.30000000e-01  2.33943868e+01  5.30000000e-01  6.89513859e-01  5.30000000e-01  4.09182545e-01  5.30000000e-01  4.24689688e-02 
 5.35000000e-01  8.00912656e-02  5.35000000e-01  2.33026701e+01  5.35000000e-01  6.85527774e-01  5.35000000e-01  4.53983476e-01  5.35000000e-01  4.25555155e-02 
 5.40000000e-01  8.99635879e-02  5.40000000e-01  2.32076375e+01  5.40000000e-01  6.81489317e-01  5.40000000e-01  5.03388562e-01  5.40000000e-01  4.26520906e-02 
 5.45000000e-01  1.01003523e-01  5.45000000e-01  2.31093055e+01  5.45000000e-01  6.77393691e-01  5.45000000e-01  5.57830197e-01  5.45000000e-01  4.27597529e-02 
 5.50000000e-01  1.13341013e-01  5.50000000e-01  2.30077036e+01  5.50000000e-01  6.73235687e-01  5.50000000e-01  6.17776330e-01  5.50000000e-01  4.28796547e-02 
 5.55000000e-01  1.27119213e-01  5.55000000e-01  2.29028738e+01  5.55000000e-01  6.69009666e-01  5.55000000e-01  6.83732847e-01  5.55000000e-01  4.30130462e-02 
 5.60000000e-01  1.42495665e-01  5.60000000e-01  2.27948706e+01  5.60000000e-01  6.64709557e-01  5.60000000e-01  7.56246062e-01  5.60000000e-01  4.31612802e-02 
 5.65000000e-01  1.59643550e-01  5.65000000e-01  2.26837598e+01  5.65000000e-01  6.60328854e-01  5.65000000e-01  8.35905306e-01  5.65000000e-01  4.33258163e-02 
 5.70000000e-01  1.78753037e-01  5.70000000e-01  2.25696173e+01  5.70000000e-01  6.55860626e-01  5.70000000e-01  9.23345606e-01  5.70000000e-01  4.35082245e-02 
 5.75000000e-01  2.00032705e-01  5.75000000e-01  2.24525272e+01  5.75000000e-01  6.51297537e-01  5.75000000e-01  1.01925044e+00  5.75000000e-01  4.37101872e-02 
 5.80000000e-01  2.23711075e-01  5.80000000e-01  2.23325796e+01  5.80000000e-01  6.46631877e-01  5.80000000e-01  1.12435452e+00  5.80000000e-01  4.39335018e-02 
 5.85000000e-01  2.50038219e-01  5.85000000e-01  2.22098677e+01  5.85000000e-01  6.41855605e-01  5.85000000e-01  1.23944657e+00  5.85000000e-01  4.41800803e-02 
 5.90000000e-01  2.79287475e-01  5.90000000e-01  2.20844843e+01  5.90000000e-01  6.36960416e-01  5.90000000e-01  1.36537211e+00  5.90000000e-01  4.44519487e-02 
 5.95000000e-01  3.11757244e-01  5.95000000e-01  2.19565180e+01  5.95000000e-01  6.31937813e-01  5.95000000e-01  1.50303595e+00  5.95000000e-01  4.47512448e-02 
 6.00000000e-01  3.47772879e-01  6.00000000e-01  2.18260487e+01  6.00000000e-01  6.26779211e-01  6.00000000e-01  1.65340465e+00  6.00000000e-01  4.50802132e-02 
 6.05000000e-01  3.87688653e-01  6.05000000e-01  2.16931428e+01  6.05000000e-01  6.21476049e-01  6.05000000e-01  1.81750844e+00  6.05000000e-01  4.54411995e-02 
 6.10000000e-01  4.31889792e-01  6.10000000e-01  2.15578485e+01  6.10000000e-01  6.16019927e-01  6.10000000e-01  1.99644274e+00  6.10000000e-01  4.58366415e-02 
 6.15000000e-01  4.80794563e-01  6.15000000e-01  2.14201902e+01  6.15000000e-01  6.10402763e-01  6.15000000e-01  2.19136891e+00  6.15000000e-01  4.62690584e-02 
 6.20000000e-01  5.34856392e-01  6.20000000e-01  2.12801638e+01  6.20000000e-01  6.04616965e-01  6.20000000e-01  2.40351408e+00  6.20000000e-01  4.67410370e-02 
 6.25000000e-01  5.94565982e-01  6.25000000e-01  2.11377319e+01  6.25000000e-01  5.98655617e-01  6.25000000e-01  2.63416990e+00  6.25000000e-01  4.72552162e-02 
 6.30000000e-01  6.60453396e-01  6.30000000e-01  2.09928197e+01  6.30000000e-01  5.92512682e-01  6.30000000e-01  2.88468974e+00  6.30000000e-01  4.78142682e-02 
 6.35000000e-01  7.33090062e-01  6.35000000e-01  2.08453115e+01  6.35000000e-01  5.86183206e-01  6.35000000e-01  3.15648426e+00  6.35000000e-01  4.84208770e-02 
 6.40000000e-01  8.13090643e-01  6.40000000e-01  2.06950485e+01  6.40000000e-01  5.79663528e-01  6.40000000e-01  3.45101492e+00  6.40000000e-01  4.90777151e-02 
 6.45000000e-01  9.01114712e-01  6.45000000e-01  2.05418282e+01  6.45000000e-01  5.72951482e-01  6.45000000e-01  3.76978523e+00  6.45000000e-01  4.97874172e-02 
 6.50000000e-01  9.97868165e-01  6.50000000e-01  2.03854046e+01  6.50000000e-01  5.66046588e-01  6.50000000e-01  4.11432947e+00  6.50000000e-01  5.05525522e-02 
 6.55000000e-01  1.10410428e+00  6.55000000e-01  2.02254908e+01  6.55000000e-01  5.58950224e-01  6.55000000e-01  4.48619860e+00  6.55000000e-01  5.13755935e-02 
 6.60000000e-01  1.22062435e+00  6.60000000e-01  2.00617636e+01  6.60000000e-01  5.51665764e-01  6.60000000e-01  4.88694330e+00  6.60000000e-01  5.22588879e-02 
 6.65000000e-01  1.34827779e+00  6.65000000e-01  1.98938687e+01  6.65000000e-01  5.44198688e-01  6.65000000e-01  5.31809410e+00  6.65000000e-01  5.32046238e-02 
 6.70000000e-01  1.48796164e+00  6.70000000e-01  1.97214298e+01  6.70000000e-01  5.36556647e-01  6.70000000e-01  5.78113862e+00  6.70000000e-01  5.42147998e-02 
 6.75000000e-01  1.64061938e+00  6.75000000e-01  1.95440569e+01  6.75000000e-01  5.28749474e-01  6.75000000e-01  6.27749609e+00  6.75000000e-01  5.52911926e-02 
 6.80000000e-01  1.80723888e+00  6.80000000e-01  1.93613583e+01  6.80000000e-01  5.20789156e-01  6.80000000e-01  6.80848961e+00  6.80000000e-01  5.64353276e-02 
 6.85000000e-01  1.98884965e+00  6.85000000e-01  1.91729517e+01  6.85000000e-01  5.12689739e-01  6.85000000e-01  7.37531656e+00  6.85000000e-01  5.76484503e-02 
 6.90000000e-01  2.18651900e+00  6.90000000e-01  1.89784768e+01  6.90000000e-01  5.04467190e-01  6.90000000e-01  7.97901787e+00  6.90000000e-01  5.89315012e-02 
 6.95000000e-01  2.40134741e+00  6.95000000e-01  1.87776083e+01  6.95000000e-01  4.96139204e-01  6.95000000e-01  8.62044692e+00  6.95000000e-01  6.02850933e-02 
 7.00000000e-01  2.63446285e+00  7.00000000e-01  1.85700674e+01  7.00000000e-01  4.87724965e-01  7.00000000e-01  9.30023900e+00  7.00000000e-01  6.17094943e-02 
 7.05000000e-01  2.88701418e+00  7.05000000e-01  1.83556333e+01  7.05000000e-01  4.79244878e-01  7.05000000e-01  1.00187824e+01  7.05000000e-01  6.32046127e-02 
 7.10000000e-01  3.16016374e+00  7.10000000e-01  1.81341530e+01  7.10000000e-01  4.70720259e-01  7.10000000e-01  1.07761918e+01  7.10000000e-01  6.47699897e-02 
 7.15000000e-01  3.45507904e+00  7.15000000e-01  1.79055492e+01  7.15000000e-01  4.62173014e-01  7.15000000e-01  1.15722862e+01  7.15000000e-01  6.64047954e-02 
 7.20000000e-01  3.77292382e+00  7.20000000e-01  1.76698262e+01  7.20000000e-01  4.53625309e-01  7.20000000e-01  1.24065700e+01  7.20000000e-01  6.81078314e-02 
 7.25000000e-01  4.11484861e+00  7.25000000e-01  1.74270734e+01  7.25000000e-01  4.45099242e-01  7.25000000e-01  1.32782213e+01  7.25000000e-01  6.98775386e-02 
 7.30000000e-01  4.48198084e+00  7.30000000e-01  1.71774668e+01  7.30000000e-01  4.36616522e-01  7.30000000e-01  1.41860849e+01  7.30000000e-01  7.17120096e-02 
 7.35000000e-01  4.87541485e+00  7.35000000e-01  1.69212671e+01  7.35000000e-01  4.28198177e-01  7.35000000e-01  1.51286732e+01  7.35000000e-01  7.36090080e-02 
 7.40000000e-01  5.29620194e+00  7.40000000e-01  1.66588168e+01  7.40000000e-01  4.19864286e-01  7.40000000e-01  1.61041732e+01  7.40000000e-01  7.55659902e-02 
 7.45000000e-01  5.74534056e+00  7.45000000e-01  1.63905344e+01  7.45000000e-01  4.11633745e-01  7.45000000e-01  1.71104610e+01  7.45000000e-01  7.75801329e-02 
 7.50000000e-01  6.22376715e+00  7.50000000e-01  1.61169071e+01  7.50000000e-01  4.03524077e-01  7.50000000e-01  1.81451229e+01  7.50000000e-01  7.96483634e-02 
 7.55000000e-01  6.73234744e+00  7.55000000e-01  1.58384818e+01  7.55000000e-01  3.95551279e-01  7.55000000e-01  1.92054821e+01  7.55000000e-01  8.17673929e-02 
 7.60000000e-01  7.27186875e+00  7.60000000e-01  1.55558558e+01  7.60000000e-01  3.87729713e-01  7.60000000e-01  2.02886321e+01  7.60000000e-01  8.39337513e-02 
 7.65000000e-01  7.84303320e+00  7.65000000e-01  1.52696660e+01  7.65000000e-01  3.80072033e-01  7.65000000e-01  2.13914731e+01  7.65000000e-01  8.61438237e-02 
 7.70000000e-01  8.44645209e+00  7.70000000e-01  1.49805782e+01  7.70000000e-01  3.72589159e-01  7.70000000e-01  2.25107531e+01  7.70000000e-01  8.83938874e-02 
 7.75000000e-01  9.08264150e+00  7.75000000e-01  1.46892765e+01  7.75000000e-01  3.65290279e-01  7.75000000e-01  2.36431107e+01  7.75000000e-01  9.06801476e-02 
 7.80000000e-01  9.75201918e+00  7.80000000e-01  1.43964530e+01  7.80000000e-01  3.58182883e-01  7.80000000e-01  2.47851189e+01  7.80000000e-01  9.29987735e-02 
 7.85000000e-01  1.04549027e+01  7.85000000e-01  1.41027978e+01  7.85000000e-01  3.51272828e-01  7.85000000e-01  2.59333290e+01  7.85000000e-01  9.53459318e-02 
 7.90000000e-01  1.11915091e+01  7.90000000e-01  1.38089907e+01  7.90000000e-01  3.44564415e-01  7.90000000e-01  2.70843135e+01  7.90000000e-01  9.77178181e-02 
 7.95000000e-01  1.19619553e+01  7.95000000e-01  1.35156926e+01  7.95000000e-01  3.38060492e-01  7.95000000e-01  2.82347067e+01  7.95000000e-01  1.00110687e-01 
 8.00000000e-01  1.27662603e+01  8.00000000e-01  1.32235390e+01  8.00000000e-01  3.31762567e-01  8.00000000e-01  2.93812417e+01  8.00000000e-01  1.02520876e-01 
 8.05000000e-01  1.36043483e+01  8.05000000e-01  1.29331340e+01  8.05000000e-01  3.25670923e-01  8.05000000e-01  3.05207848e+01  8.05000000e-01  1.04944832e-01 
 8.10000000e-01  1.44760522e+01  8.10000000e-01  1.26450460e+01  8.10000000e-01  3.19784743e-01  8.10000000e-01  3.16503645e+01  8.10000000e-01  1.07379129e-01 
 8.15000000e-01  1.53811188e+01  8.15000000e-01  1.23598034e+01  8.15000000e-01  3.14102235e-01  8.15000000e-01  3.27671967e+01  8.15000000e-01  1.09820487e-01 
 8.20000000e-01  1.63192141e+01  8.20000000e-01  1.20778930e+01  8.20000000e-01  3.08620754e-01  8.20000000e-01  3.38687046e+01  8.20000000e-01  1.12265782e-01 
 8.25000000e-01  1.72899293e+01  8.25000000e-01  1.17997573e+01  8.25000000e-01  3.03336920e-01  8.25000000e-01  3.49525340e+01  8.25000000e-01  1.14712060e-01 
 8.30000000e-01  1.82927876e+01  8.30000000e-01  1.15257946e+01  8.30000000e-01  2.98246733e-01  8.30000000e-01  3.60165641e+01  8.30000000e-01  1.17156545e-01 
 8.35000000e-01  1.93272503e+01  8.35000000e-01  1.12563582e+01  8.35000000e-01  2.93345675e-01  8.35000000e-01  3.70589136e+01  8.35000000e-01  1.19596641e-01 
 8.40000000e-01  2.03927244e+01  8.40000000e-01  1.09917577e+01  8.40000000e-01  2.88628808e-01  8.40000000e-01  3.80779423e+01  8.40000000e-01  1.22029936e-01 
 8.45000000e-01  2.14885688e+01  8.45000000e-01  1.07322598e+01  8.45000000e-01  2.84090868e-01  8.45000000e-01  3.90722499e+01  8.45000000e-01  1.24454206e-01 
 8.50000000e-01  2.26141016e+01  8.50000000e-01  1.04780898e+01  8.50000000e-01  2.79726343e-01  8.50000000e-01  4.00406706e+01  8.50000000e-01  1.26867406e-01 
 8.55000000e-01  2.37686067e+01  8.55000000e-01  1.02294338e+01  8.55000000e-01  2.75529542e-01  8.55000000e-01  4.09822655e+01  8.55000000e-01  1.29267673e-01 
 8.60000000e-01  2.49513401e+01  8.60000000e-01  9.98644071e+00  8.60000000e-01  2.71494665e-01  8.60000000e-01  4.18963119e+01  8.60000000e-01  1.31653319e-01 
 8.65000000e-01  2.61615360e+01  8.65000000e-01  9.74922469e+00  8.65000000e-01  2.67615857e-01  8.65000000e-01  4.27822917e+01  8.65000000e-01  1.34022826e-01 
 8.70000000e-01  2.73984126e+01  8.70000000e-01  9.51786775e+00  8.70000000e-01  2.63887254e-01  8.70000000e-01  4.36398777e+01  8.70000000e-01  1.36374838e-01 
 8.75000000e-01  2.86611776e+01  8.75000000e-01  9.29242221e+00  8.75000000e-01  2.60303028e-01  8.75000000e-01  4.44689188e+01  8.75000000e-01  1.38708154e-01 
 8.80000000e-01  2.99490330e+01  8.80000000e-01  9.07291335e+00  8.80000000e-01  2.56857419e-01  8.80000000e-01  4.52694249e+01  8.80000000e-01  1.41021722e-01 
 8.85000000e-01  3.12611797e+01  8.85000000e-01  8.85934189e+00  8.85000000e-01  2.53544767e-01  8.85000000e-01  4.60415516e+01  8.85000000e-01  1.43314626e-01 
 8.90000000e-01  3.25968215e+01  8.90000000e-01  8.65168654e+00  8.90000000e-01  2.50359534e-01  8.90000000e-01  4.67855842e+01  8.90000000e-01  1.45586084e-01 
 8.95000000e-01  3.39551687e+01  8.95000000e-01  8.44990637e+00  8.95000000e-01  2.47296324e-01  8.95000000e-01  4.75019230e+01  8.95000000e-01  1.47835432e-01 
 9.00000000e-01  3.53354418e+01  9.00000000e-01  8.25394307e+00  9.00000000e-01  2.44349899e-01  9.00000000e-01  4.81910680e+01  9.00000000e-01  1.50062121e-01 
 9.05000000e-01  3.67368734e+01  9.05000000e-01  8.06372315e+00  9.05000000e-01  2.41515187e-01  9.05000000e-01  4.88536049e+01  9.05000000e-01  1.52265708e-01 
 9.10000000e-01  3.81587116e+01  9.10000000e-01  7.87915992e+00  9.10000000e-01  2.38787293e-01  9.10000000e-01  4.94901915e+01  9.10000000e-01  1.54445842e-01 
 9.15000000e-01  3.96002213e+01  9.15000000e-01  7.70015542e+00  9.15000000e-01  2.36161506e-01  9.15000000e-01  5.01015454e+01  9.15000000e-01  1.56602264e-01 
 9.20000000e-01  4.10606864e+01  9.20000000e-01  7.52660213e+00  9.20000000e-01  2.33633298e-01  9.20000000e-01  5.06884318e+01  9.20000000e-01  1.58734795e-01 
 9.25000000e-01  4.25394107e+01  9.25000000e-01  7.35838457e+00  9.25000000e-01  2.31198327e-01  9.25000000e-01  5.12516530e+01  9.25000000e-01  1.60843329e-01 
 9.30000000e-01  4.40357194e+01  9.30000000e-01  7.19538081e+00  9.30000000e-01  2.28852436e-01  9.30000000e-01  5.17920389e+01  9.30000000e-01  1.62927825e-01 
 9.35000000e-01  4.55489599e+01  9.35000000e-01  7.03746371e+00  9.35000000e-01  2.26591653e-01  9.35000000e-01  5.23104373e+01  9.35000000e-01  1.64988302e-01 
 9.40000000e-01  4.70785019e+01  9.40000000e-01  6.88450220e+00  9.40000000e-01  2.24412186e-01  9.40000000e-01  5.28077069e+01  9.40000000e-01  1.67024836e-01 
 9.45000000e-01  4.86237382e+01  9.45000000e-01  6.73636231e+00  9.45000000e-01  2.22310418e-01  9.45000000e-01  5.32847096e+01  9.45000000e-01  1.69037546e-01 
 9.50000000e-01  5.01840847e+01  9.50000000e-01  6.59290815e+00  9.50000000e-01  2.20282905e-01  9.50000000e-01  5.37423047e+01  9.50000000e-01  1.71026596e-01 
 9.55000000e-01  5.17589805e+01  9.55000000e-01  6.45400275e+00  9.55000000e-01  2.18326369e-01  9.55000000e-01  5.41813434e+01  9.55000000e-01  1.72992187e-01 
 9.60000000e-01  5.33478875e+01  9.60000000e-01  6.31950879e+00  9.60000000e-01  2.16437693e-01  9.60000000e-01  5.46026643e+01  9.60000000e-01  1.74934553e-01 
 9.65000000e-01  5.49502902e+01  9.65000000e-01  6.18928931e+00  9.65000000e-01  2.14613914e-01  9.65000000e-01  5.50070892e+01  9.65000000e-01  1.76853957e-01 
 9.70000000e-01  5.65656956e+01  9.70000000e-01  6.06320823e+00  9.70000000e-01  2.12852217e-01  9.70000000e-01  5.53954206e+01  9.70000000e-01  1.78750685e-01 
 9.75000000e-01  5.81936322e+01  9.75000000e-01  5.94113088e+00  9.75000000e-01  2.11149932e-01  9.75000000e-01  5.57684380e+01  9.75000000e-01  1.80625046e-01 
 9.80000000e-01  5.98336499e+01  9.80000000e-01  5.82292440e+00  9.80000000e-01  2.09504523e-01  9.80000000e-01  5.61268966e+01  9.80000000e-01  1.82477366e-01 
 9.85000000e-01  6.14853191e+01  9.85000000e-01  5.70845810e+00  9.85000000e-01  2.07913583e-01  9.85000000e-01  5.64715255e+01  9.85000000e-01  1.84307986e-01 
 9.90000000e-01  6.31482300e+01  9.90000000e-01  5.59760378e+00  9.90000000e-01  2.06374831e-01  9.90000000e-01  5.68030262e+01  9.90000000e-01  1.86117260e-01 
 9.95000000e-01  6.48219923e+01  9.95000000e-01  5.49023593e+00  9.95000000e-01  2.04886102e-01  9.95000000e-01  5.71220719e+01  9.95000000e-01  1.87905551e-01 
 1.00000000e+00  6.65062338e+01  1.00000000e+00  5.38623202e+00  1.00000000e+00  2.03445344e-01  1.00000000e+00  5.74293071e+01  1.00000000e+00  1.89673230e-01 
 1.00500000e+00  6.82006004e+01  1.00500000e+00  5.28547254e+00  1.00500000e+00  2.02050609e-01  1.00500000e+00  5.77253472e+01  1.00500000e+00  1.91420674e-01 
 1.01000000e+00  6.99047548e+01  1.01000000e+00  5.18784123e+00  1.01000000e+00  2.00700051e-01  1.01000000e+00  5.80107788e+01  1.01000000e+00  1.93148265e-01 
 1.01500000e+00  7.16183759e+01  1.01500000e+00  5.09322510e+00  1.01500000e+00  1.99391920e-01  1.01500000e+00  5.82861594e+01  1.01500000e+00  1.94856384e-01 
 1.02000000e+00  7.33411581e+01  1.02000000e+00  5.00151455e+00  1.02000000e+00  1.98124553e-01  1.02000000e+00  5.85520186e+01  1.02000000e+00  1.96545418e-01 
 1.02500000e+00  7.50728106e+01  1.02500000e+00  4.91260332e+00  1.02500000e+00  1.96896377e-01  1.02500000e+00  5.88088580e+01  1.02500000e+00  1.98215749e-01 
 1.03000000e+00  7.68130565e+01  1.03000000e+00  4.82638861e+00  1.03000000e+00  1.95705895e-01  1.03000000e+00  5.90571519e+01  1.03000000e+00  1.99867762e-01 
 1.03500000e+00  7.85616323e+01  1.03500000e+00  4.74277099e+00  1.03500000e+00  1.94551687e-01  1.03500000e+00  5.92973487e+01  1.03500000e+00  2.01501838e-01 
 1.04000000e+00  8.03182868e+01  1.04000000e+00  4.66165442e+00  1.04000000e+00  1.93432408e-01  1.04000000e+00  5.95298712e+01  1.04000000e+00  2.03118354e-01 
 1.04500000e+00  8.20827811e+01  1.04500000e+00  4.58294621e+00  1.04500000e+00  1.92346778e-01  1.04500000e+00  5.97551176e+01  1.04500000e+00  2.04717684e-01 
 1.05000000e+00  8.38548873e+01  1.05000000e+00  4.50655696e+00  1.05000000e+00  1.91293580e-01  1.05000000e+00  5.99734626e+01  1.05000000e+00  2.06300200e-01 
 1.05500000e+00  8.56343881e+01  1.05500000e+00  4.43240053e+00  1.05500000e+00  1.90271661e-01  1.05500000e+00  6.01852584e+01  1.05500000e+00  2.07866265e-01 
 1.06000000e+00  8.74210764e+01  1.06000000e+00  4.36039396e+00  1.06000000e+00  1.89279922e-01  1.06000000e+00  6.03908356e+01  1.06000000e+00  2.09416241e-01 
 1.06500000e+00  8.92147545e+01  1.06500000e+00  4.29045737e+00  1.06500000e+00  1.88317320e-01  1.06500000e+00  6.05905043e+01  1.06500000e+00  2.10950481e-01 
 1.07000000e+00  9.10152335e+01  1.07000000e+00  4.22251395e+00  1.07000000e+00  1.87382861e-01  1.07000000e+00  6.07845550e+01  1.07000000e+00  2.12469334e-01 
 1.07500000e+00  9.28223330e+01  1.07500000e+00  4.15648982e+00  1.07500000e+00  1.86475599e-01  1.07500000e+00  6.09732598e+01  1.07500000e+00  2.13973143e-01 
 1.08000000e+00  9.46358803e+01  1.08000000e+00  4.09231398e+00  1.08000000e+00  1.85594635e-01  1.08000000e+00  6.11568733e+01  1.08000000e+00  2.15462242e-01 
 1.08500000e+00  9.64557102e+01  1.08500000e+00  4.02991820e+00  1.08500000e+00  1.84739110e-01  1.08500000e+00  6.13356333e+01  1.08500000e+00  2.16936961e-01 
 1.09000000e+00  9.82816646e+01  1.09000000e+00  3.96923696e+00  1.09000000e+00  1.83908209e-01  1.09000000e+00  6.15097622e+01  1.09000000e+00  2.18397624e-01 
 1.09500000e+00  1.00113592e+02  1.09500000e+00  3.91020734e+00  1.09500000e+00  1.83101150e-01  1.09500000e+00  6.16794676e+01  1.09500000e+00  2.19844545e-01 
 1.10000000e+00  1.01951346e+02  1.10000000e+00  3.85276894e+00  1.10000000e+00  1.82317192e-01  1.10000000e+00  6.18449433e+01  1.10000000e+00  2.21278034e-01 
 1.10500000e+00  1.03794787e+02  1.10500000e+00  3.79686379e+00  1.10500000e+00  1.81555624e-01  1.10500000e+00  6.20063701e+01  1.10500000e+00  2.22698393e-01 
 1.11000000e+00  1.05643782e+02  1.11000000e+00  3.74243626e+00  1.11000000e+00  1.80815769e-01  1.11000000e+00  6.21639166e+01  1.11000000e+00  2.24105919e-01 
 1.11500000e+00  1.07498200e+02  1.11500000e+00  3.68943300e+00  1.11500000e+00  1.80096980e-01  1.11500000e+00  6.23177400e+01  1.11500000e+00  2.25500899e-01 
 1.12000000e+00  1.09357916e+02  1.12000000e+00  3.63780280e+00  1.12000000e+00  1.79398638e-01  1.12000000e+00  6.24679868e+01  1.12000000e+00  2.26883617e-01 
 1.12500000e+00  1.11222811e+02  1.12500000e+00  3.58749657e+00  1.12500000e+00  1.78720151e-01  1.12500000e+00  6.26147936e+01  1.12500000e+00  2.28254346e-01 
 1.13000000e+00  1.13092769e+02  1.13000000e+00  3.53846721e+00  1.13000000e+00  1.78060953e-01  1.13000000e+00  6.27582877e+01  1.13000000e+00  2.29613358e-01 
 1.13500000e+00  1.14967678e+02  1.13500000e+00  3.49066955e+00  1.13500000e+00  1.77420503e-01  1.13500000e+00  6.28985876e+01  1.13500000e+00  2.30960913e-01 
 1.14000000e+00  1.16847428e+02  1.14000000e+00  3.44406027e+00  1.14000000e+00  1.76798282e-01  1.14000000e+00  6.30358040e+01  1.14000000e+00  2.32297269e-01 
 1.14500000e+00  1.18731916e+02  1.14500000e+00  3.39859785e+00  1.14500000e+00  1.76193791e-01  1.14500000e+00  6.31700398e+01  1.14500000e+00  2.33622675e-01 
 1.15000000e+00  1.20621039e+02  1.15000000e+00  3.35424243e+00  1.15000000e+00  1.75606556e-01  1.15000000e+00  6.33013911e+01  1.15000000e+00  2.34937375e-01 
 1.15500000e+00  1.22514699e+02  1.15500000e+00  3.31095582e+00  1.15500000e+00  1.75036117e-01  1.15500000e+00  6.34299475e+01  1.15500000e+00  2.36241607e-01 
 1.16000000e+00  1.24412800e+02  1.16000000e+00  3.26870137e+00  1.16000000e+00  1.74482037e-01  1.16000000e+00  6.35557925e+01  1.16000000e+00  2.37535602e-01 
 1.16500000e+00  1.26315248e+02  1.16500000e+00  3.22744395e+00  1.16500000e+00  1.73943895e-01  1.16500000e+00  6.36790043e+01  1.16500000e+00  2.38819588e-01 
 1.17000000e+00  1.28221954e+02  1.17000000e+00  3.18714985e+00  1.17000000e+00  1.73421285e-01  1.17000000e+00  6.37996556e+01  1.17000000e+00  2.40093784e-01 
 1.17500000e+00  1.30132829e+02  1.17500000e+00  3.14778673e+00  1.17500000e+00  1.72913819e-01  1.17500000e+00  6.39178146e+01  1.17500000e+00  2.41358406e-01 
 1.18000000e+00  1.32047788e+02  1.18000000e+00  3.10932359e+00  1.18000000e+00  1.72421124e-01  1.18000000e+00  6.40335449e+01  1.18000000e+00  2.42613664e-01 
 1.18500000e+00  1.33966745e+02  1.18500000e+00  3.07173064e+00  1.18500000e+00  1.71942839e-01  1.18500000e+00  6.41469062e+01  1.18500000e+00  2.43859761e-01 
 1.19000000e+00  1.35889620e+02  1.19000000e+00  3.03497934e+00  1.19000000e+00  1.71478620e-01  1.19000000e+00  6.42579545e+01  1.19000000e+00  2.45096898e-01 
 1.19500000e+00  1.37816333e+02  1.19500000e+00  2.99904229e+00  1.19500000e+00  1.71028132e-01  1.19500000e+00  6.43667420e+01  1.19500000e+00  2.46325268e-01 
 1.20000000e+00  1.39746805e+02  1.20000000e+00  2.96389317e+00  1.20000000e+00  1.70591057e-01  1.20000000e+00  6.44733181e+01  1.20000000e+00  2.47545062e-01 
 1.20500000e+00  1.41680960e+02  1.20500000e+00  2.92950672e+00  1.20500000e+00  1.70167083e-01  1.20500000e+00  6.45777289e+01  1.20500000e+00  2.48756464e-01 
 1.21000000e+00  1.43618723e+02  1.21000000e+00  2.89585872e+00  1.21000000e+00  1.69755915e-01  1.21000000e+00  6.46800182e+01  1.21000000e+00  2.49959655e-01 
 1.21500000e+00  1.45560022e+02  1.21500000e+00  2.86292586e+00  1.21500000e+00  1.69357265e-01  1.21500000e+00  6.47802270e+01  1.21500000e+00  2.51154811e-01 
 1.22000000e+00  1.47504783e+02  1.22000000e+00  2.83068579e+00  1.22000000e+00  1.68970855e-01  1.22000000e+00  6.48783941e+01  1.22000000e+00  2.52342103e-01 
 1.22500000e+00  1.49452937e+02  1.22500000e+00  2.79911702e+00  1.22500000e+00  1.68596420e-01  1.22500000e+00  6.49745562e+01  1.22500000e+00  2.53521698e-01 
 1.23000000e+00  1.51404415e+02  1.23000000e+00  2.76819892e+00  1.23000000e+00  1.68233701e-01  1.23000000e+00  6.50687481e+01  1.23000000e+00  2.54693761e-01 
 1.23500000e+00  1.53359149e+02  1.23500000e+00  2.73791164e+00  1.23500000e+00  1.67882450e-01  1.23500000e+00  6.51610028e+01  1.23500000e+00  2.55858450e-01 
 1.24000000e+00  1.55317072e+02  1.24000000e+00  2.70823611e+00  1.24000000e+00  1.67542426e-01  1.24000000e+00  6.52513516e+01  1.24000000e+00  2.57015921e-01 
 1.24500000e+00  1.57278119e+02  1.24500000e+00  2.67915401e+00  1.24500000e+00  1.67213396e-01  1.24500000e+00  6.53398246e+01  1.24500000e+00  2.58166326e-01 
 1.25000000e+00  1.59242225e+02  1.25000000e+00  2.65064770e+00  1.25000000e+00  1.66895136e-01  1.25000000e+00  6.54264502e+01  1.25000000e+00  2.59309812e-01 
 1.25500000e+00  1.61209327e+02  1.25500000e+00  2.62270022e+00  1.25500000e+00  1.66587430e-01  1.25500000e+00  6.55112556e+01  1.25500000e+00  2.60446526e-01 
 1.26000000e+00  1.63179363e+02  1.26000000e+00  2.59529526e+00  1.26000000e+00  1.66290067e-01  1.26000000e+00  6.55942671e+01  1.26000000e+00  2.61576606e-01 
 1.26500000e+00  1.65152272e+02  1.26500000e+00  2.56841713e+00  1.26500000e+00  1.66002845e-01  1.26500000e+00  6.56755097e+01  1.26500000e+00  2.62700193e-01 
 1.27000000e+00  1.67127993e+02  1.27000000e+00  2.54205071e+00  1.27000000e+00  1.65725566e-01  1.27000000e+00  6.57550074e+01  1.27000000e+00  2.63817420e-01 
 1.27500000e+00  1.69106467e+02  1.27500000e+00  2.51618145e+00  1.27500000e+00  1.65458042e-01  1.27500000e+00  6.58327836e+01  1.27500000e+00  2.64928418e-01 
 1.28000000e+00  1.71087635e+02  1.28000000e+00  2.49079534e+00  1.28000000e+00  1.65200087e-01  1.28000000e+00  6.59088607e+01  1.28000000e+00  2.66033317e-01 
 1.28500000e+00  1.73071441e+02  1.28500000e+00  2.46587890e+00  1.28500000e+00  1.64951525e-01  1.28500000e+00  6.59832603e+01  1.28500000e+00  2.67132241e-01 
 1.29000000e+00  1.75057826e+02  1.29000000e+00  2.44141911e+00  1.29000000e+00  1.64712181e-01  1.29000000e+00  6.60560034e+01  1.29000000e+00  2.68225314e-01 
 1.29500000e+00  1.77046735e+02  1.29500000e+00  2.41740345e+00  1.29500000e+00  1.64481890e-01  1.29500000e+00  6.61271104e+01  1.29500000e+00  2.69312656e-01 
 1.30000000e+00  1.79038114e+02  1.30000000e+00  2.39381984e+00  1.30000000e+00  1.64260489e-01  1.30000000e+00  6.61966012e+01  1.30000000e+00  2.70394382e-01 
 1.30500000e+00  1.81031907e+02  1.30500000e+00  2.37065663e+00  1.30500000e+00  1.64047821e-01  1.30500000e+00  6.62644949e+01  1.30500000e+00  2.71470609e-01 
 1.31000000e+00  1.83028061e+02  1.31000000e+00  2.34790260e+00  1.31000000e+00  1.63843735e-01  1.31000000e+00  6.63308105e+01  1.31000000e+00  2.72541448e-01 
 1.31500000e+00  1.85026523e+02  1.31500000e+00  2.32554691e+00  1.31500000e+00  1.63648082e-01  1.31500000e+00  6.63955661e+01  1.31500000e+00  2.73607007e-01 
 1.32000000e+00  1.87027241e+02  1.32000000e+00  2.30357911e+00  1.32000000e+00  1.63460720e-01  1.32000000e+00  6.64587798e+01  1.32000000e+00  2.74667396e-01 
 1.32500000e+00  1.89030163e+02  1.32500000e+00  2.28198909e+00  1.32500000e+00  1.63281511e-01  1.32500000e+00  6.65204691e+01  1.32500000e+00  2.75722718e-01 
 1.33000000e+00  1.91035239e+02  1.33000000e+00  2.26076713e+00  1.33000000e+00  1.63110319e-01  1.33000000e+00  6.65806511e+01  1.33000000e+00  2.76773075e-01 
 1.33500000e+00  1.93042418e+02  1.33500000e+00  2.23990381e+00  1.33500000e+00  1.62947014e-01  1.33500000e+00  6.66393428e+01  1.33500000e+00  2.77818568e-01 
 1.34000000e+00  1.95051651e+02  1.34000000e+00  2.21939005e+00  1.34000000e+00  1.62791471e-01  1.34000000e+00  6.66965607e+01  1.34000000e+00  2.78859296e-01 
 1.34500000e+00  1.97062890e+02  1.34500000e+00  2.19921706e+00  1.34500000e+00  1.62643565e-01  1.34500000e+00  6.67523210e+01  1.34500000e+00  2.79895353e-01 
 1.35000000e+00  1.99076085e+02  1.35000000e+00  2.17937636e+00  1.35000000e+00  1.62503179e-01  1.35000000e+00  6.68066397e+01  1.35000000e+00  2.80926834e-01 
 1.35500000e+00  2.01091191e+02  1.35500000e+00  2.15985975e+00  1.35500000e+00  1.62370197e-01  1.35500000e+00  6.68595326e+01  1.35500000e+00  2.81953831e-01 
 1.36000000e+00  2.03108158e+02  1.36000000e+00  2.14065928e+00  1.36000000e+00  1.62244505e-01  1.36000000e+00  6.69110152e+01  1.36000000e+00  2.82976435e-01 
 1.36500000e+00  2.05126942e+02  1.36500000e+00  2.12176730e+00  1.36500000e+00  1.62125997e-01  1.36500000e+00  6.69611028e+01  1.36500000e+00  2.83994732e-01 
 1.37000000e+00  2.07147496e+02  1.37000000e+00  2.10317638e+00  1.37000000e+00  1.62014565e-01  1.37000000e+00  6.70098103e+01  1.37000000e+00  2.85008810e-01 
 1.37500000e+00  2.09169776e+02  1.37500000e+00  2.08487933e+00  1.37500000e+00  1.61910107e-01  1.37500000e+00  6.70571527e+01  1.37500000e+00  2.86018754e-01 
 1.38000000e+00  2.11193736e+02  1.38000000e+00  2.06686920e+00  1.38000000e+00  1.61812525e-01  1.38000000e+00  6.71031446e+01  1.38000000e+00  2.87024645e-01 
 1.38500000e+00  2.13219333e+02  1.38500000e+00  2.04913926e+00  1.38500000e+00  1.61721721e-01  1.38500000e+00  6.71478004e+01  1.38500000e+00  2.88026566e-01 
 1.39000000e+00  2.15246524e+02  1.39000000e+00  2.03168300e+00  1.39000000e+00  1.61637601e-01  1.39000000e+00  6.71911345e+01  1.39000000e+00  2.89024595e-01 
 1.39500000e+00  2.17275264e+02  1.39500000e+00  2.01449409e+00  1.39500000e+00  1.61560074e-01  1.39500000e+00  6.72331609e+01  1.39500000e+00  2.90018811e-01 
 1.40000000e+00  2.19305513e+02  1.40000000e+00  1.99756641e+00  1.40000000e+00  1.61489053e-01  1.40000000e+00  6.72738936e+01  1.40000000e+00  2.91009291e-01 
 1.40500000e+00  2.21337228e+02  1.40500000e+00  1.98089404e+00  1.40500000e+00  1.61424451e-01  1.40500000e+00  6.73133463e+01  1.40500000e+00  2.91996109e-01 
 1.41000000e+00  2.23370367e+02  1.41000000e+00  1.96447122e+00  1.41000000e+00  1.61366185e-01  1.41000000e+00  6.73515325e+01  1.41000000e+00  2.92979338e-01 
 1.41500000e+00  2.25404891e+02  1.41500000e+00  1.94829239e+00  1.41500000e+00  1.61314173e-01  1.41500000e+00  6.73884657e+01  1.41500000e+00  2.93959051e-01 
 1.42000000e+00  2.27440758e+02  1.42000000e+00  1.93235213e+00  1.42000000e+00  1.61268339e-01  1.42000000e+00  6.74241592e+01  1.42000000e+00  2.94935318e-01 
 1.42500000e+00  2.29477929e+02  1.42500000e+00  1.91664520e+00  1.42500000e+00  1.61228605e-01  1.42500000e+00  6.74586260e+01  1.42500000e+00  2.95908209e-01 
 1.43000000e+00  2.31516365e+02  1.43000000e+00  1.90116650e+00  1.43000000e+00  1.61194897e-01  1.43000000e+00  6.74918791e+01  1.43000000e+00  2.96877791e-01 
 1.43500000e+00  2.33556026e+02  1.43500000e+00  1.88591110e+00  1.43500000e+00  1.61167143e-01  1.43500000e+00  6.75239312e+01  1.43500000e+00  2.97844131e-01 
 1.44000000e+00  2.35596875e+02  1.44000000e+00  1.87087420e+00  1.44000000e+00  1.61145275e-01  1.44000000e+00  6.75547949e+01  1.44000000e+00  2.98807295e-01 
 1.44500000e+00  2.37638874e+02  1.44500000e+00  1.85605115e+00  1.44500000e+00  1.61129224e-01  1.44500000e+00  6.75844828e+01  1.44500000e+00  2.99767346e-01 
 1.45000000e+00  2.39681985e+02  1.45000000e+00  1.84143741e+00  1.45000000e+00  1.61118925e-01  1.45000000e+00  6.76130070e+01  1.45000000e+00  3.00724348e-01 
 1.45500000e+00  2.41726171e+02  1.45500000e+00  1.82702860e+00  1.45500000e+00  1.61114314e-01  1.45500000e+00  6.76403797e+01  1.45500000e+00  3.01678362e-01 
 1.46000000e+00  2.43771397e+02  1.46000000e+00  1.81282044e+00  1.46000000e+00  1.61115330e-01  1.46000000e+00  6.76666130e+01  1.46000000e+00  3.02629449e-01 
 1.46500000e+00  2.45817625e+02  1.46500000e+00  1.79880878e+00  1.46500000e+00  1.61121912e-01  1.46500000e+00  6.76917185e+01  1.46500000e+00  3.03577669e-01 
 1.47000000e+00  2.47864820e+02  1.47000000e+00  1.78498959e+00  1.47000000e+00  1.61134003e-01  1.47000000e+00  6.77157079e+01  1.47000000e+00  3.04523079e-01 
 1.47500000e+00  2.49912948e+02  1.47500000e+00  1.77135894e+00  1.47500000e+00  1.61151546e-01  1.47500000e+00  6.77385928e+01  1.47500000e+00  3.05465738e-01 
 1.48000000e+00  2.51961973e+02  1.48000000e+00  1.75791302e+00  1.48000000e+00  1.61174487e-01  1.48000000e+00  6.77603845e+01  1.48000000e+00  3.06405702e-01 
 1.48500000e+00  2.54011862e+02  1.48500000e+00  1.74464811e+00  1.48500000e+00  1.61202772e-01  1.48500000e+00  6.77810941e+01  1.48500000e+00  3.07343025e-01 
 1.49000000e+00  2.56062580e+02  1.49000000e+00  1.73156060e+00  1.49000000e+00  1.61236351e-01  1.49000000e+00  6.78007325e+01  1.49000000e+00  3.08277763e-01 
 1.49500000e+00  2.58114094e+02  1.49500000e+00  1.71864698e+00  1.49500000e+00  1.61275174e-01  1.49500000e+00  6.78193107e+01  1.49500000e+00  3.09209968e-01 
 1.50000000e+00  2.60166372e+02  1.50000000e+00  1.70590382e+00  1.50000000e+00  1.61319192e-01  1.50000000e+00  6.78368393e+01  1.50000000e+00  3.10139694e-01 
 1.50500000e+00  2.62219379e+02  1.50500000e+00  1.69332779e+00  1.50500000e+00  1.61368360e-01  1.50500000e+00  6.78533288e+01  1.50500000e+00  3.11066991e-01 
 1.51000000e+00  2.64273085e+02  1.51000000e+00  1.68091565e+00  1.51000000e+00  1.61422632e-01  1.51000000e+00  6.78687894e+01  1.51000000e+00  3.11991910e-01 
 1.51500000e+00  2.66327457e+02  1.51500000e+00  1.66866424e+00  1.51500000e+00  1.61481965e-01  1.51500000e+00  6.78832314e+01  1.51500000e+00  3.12914501e-01 
 1.52000000e+00  2.68382464e+02  1.52000000e+00  1.65657048e+00  1.52000000e+00  1.61546315e-01  1.52000000e+00  6.78966647e+01  1.52000000e+00  3.13834813e-01 
 1.52500000e+00  2.70438075e+02  1.52500000e+00  1.64463136e+00  1.52500000e+00  1.61615643e-01  1.52500000e+00  6.79090991e+01  1.52500000e+00  3.14752894e-01 
 1.53000000e+00  2.72494260e+02  1.53000000e+00  1.63284397e+00  1.53000000e+00  1.61689909e-01  1.53000000e+00  6.79205442e+01  1.53000000e+00  3.15668791e-01 
 1.53500000e+00  2.74550987e+02  1.53500000e+00  1.62120546e+00  1.53500000e+00  1.61769075e-01  1.53500000e+00  6.79310096e+01  1.53500000e+00  3.16582550e-01 
 1.54000000e+00  2.76608227e+02  1.54000000e+00  1.60971304e+00  1.54000000e+00  1.61853104e-01  1.54000000e+00  6.79405043e+01  1.54000000e+00  3.17494217e-01 
 1.54500000e+00  2.78665950e+02  1.54500000e+00  1.59836402e+00  1.54500000e+00  1.61941961e-01  1.54500000e+00  6.79490376e+01  1.54500000e+00  3.18403837e-01 
 1.55000000e+00  2.80724128e+02  1.55000000e+00  1.58715574e+00  1.55000000e+00  1.62035610e-01  1.55000000e+00  6.79566183e+01  1.55000000e+00  3.19311453e-01 
 1.55500000e+00  2.82782731e+02  1.55500000e+00  1.57608563e+00  1.55500000e+00  1.62134020e-01  1.55500000e+00  6.79632551e+01  1.55500000e+00  3.20217110e-01 
 1.56000000e+00  2.84841731e+02  1.56000000e+00  1.56515118e+00  1.56000000e+00  1.62237158e-01  1.56000000e+00  6.79689566e+01  1.56000000e+00  3.21120850e-01 
 1.56500000e+00  2.86901099e+02  1.56500000e+00  1.55434993e+00  1.56500000e+00  1.62344993e-01  1.56500000e+00  6.79737312e+01  1.56500000e+00  3.22022714e-01 
 1.57000000e+00  2.88960807e+02  1.57000000e+00  1.54367949e+00  1.57000000e+00  1.62457496e-01  1.57000000e+00  6.79775870e+01  1.57000000e+00  3.22922744e-01 
 1.57500000e+00  2.91020829e+02  1.57500000e+00  1.53313751e+00  1.57500000e+00  1.62574638e-01  1.57500000e+00  6.79805319e+01  1.57500000e+00  3.23820981e-01 
 1.58000000e+00  2.93081137e+02  1.58000000e+00  1.52272173e+00  1.58000000e+00  1.62696393e-01  1.58000000e+00  6.79825739e+01  1.58000000e+00  3.24717464e-01 
 1.58500000e+00  2.95141704e+02  1.58500000e+00  1.51242991e+00  1.58500000e+00  1.62822733e-01  1.58500000e+00  6.79837204e+01  1.58500000e+00  3.25612232e-01 
 1.59000000e+00  2.97202503e+02  1.59000000e+00  1.50225987e+00  1.59000000e+00  1.62953633e-01  1.59000000e+00  6.79839789e+01  1.59000000e+00  3.26505325e-01 
 1.59500000e+00  2.99263508e+02  1.59500000e+00  1.49220948e+00  1.59500000e+00  1.63089070e-01  1.59500000e+00  6.79833566e+01  1.59500000e+00  3.27396780e-01 
 1.60000000e+00  3.01324693e+02  1.60000000e+00  1.48227668e+00  1.60000000e+00  1.63229020e-01  1.60000000e+00  6.79818605e+01  1.60000000e+00  3.28286634e-01 
 1.60500000e+00  3.03386032e+02  1.60500000e+00  1.47245944e+00  1.60500000e+00  1.63373461e-01  1.60500000e+00  6.79794976e+01  1.60500000e+00  3.29174925e-01 
 1.61000000e+00  3.05447501e+02  1.61000000e+00  1.46275576e+00  1.61000000e+00  1.63522372e-01  1.61000000e+00  6.79762743e+01  1.61000000e+00  3.30061687e-01 
 1.61500000e+00  3.07509073e+02  1.61500000e+00  1.45316372e+00  1.61500000e+00  1.63675732e-01  1.61500000e+00  6.79721971e+01  1.61500000e+00  3.30946958e-01 
 1.62000000e+00  3.09570725e+02  1.62000000e+00  1.44368141e+00  1.62000000e+00  1.63833523e-01  1.62000000e+00  6.79672724e+01  1.62000000e+00  3.31830772e-01 
 1.62500000e+00  3.11632431e+02  1.62500000e+00  1.43430699e+00  1.62500000e+00  1.63995726e-01  1.62500000e+00  6.79615060e+01  1.62500000e+00  3.32713164e-01 
 1.63000000e+00  3.13694167e+02  1.63000000e+00  1.42503864e+00  1.63000000e+00  1.64162323e-01  1.63000000e+00  6.79549040e+01  1.63000000e+00  3.33594166e-01 
 1.63500000e+00  3.15755909e+02  1.63500000e+00  1.41587460e+00  1.63500000e+00  1.64333298e-01  1.63500000e+00  6.79474718e+01  1.63500000e+00  3.34473814e-01 
 1.64000000e+00  3.17817634e+02  1.64000000e+00  1.40681313e+00  1.64000000e+00  1.64508636e-01  1.64000000e+00  6.79392150e+01  1.64000000e+00  3.35352140e-01 
 1.64500000e+00  3.19879318e+02  1.64500000e+00  1.39785254e+00  1.64500000e+00  1.64688321e-01  1.64500000e+00  6.79301388e+01  1.64500000e+00  3.36229175e-01 
 1.65000000e+00  3.21940938e+02  1.65000000e+00  1.38899117e+00  1.65000000e+00  1.64872340e-01  1.65000000e+00  6.79202483e+01  1.65000000e+00  3.37104953e-01 
 1.65500000e+00  3.24002470e+02  1.65500000e+00  1.38022739e+00  1.65500000e+00  1.65060680e-01  1.65500000e+00  6.79095482e+01  1.65500000e+00  3.37979504e-01 
 1.66000000e+00  3.26063893e+02  1.66000000e+00  1.37155963e+00  1.66000000e+00  1.65253329e-01  1.66000000e+00  6.78980431e+01  1.66000000e+00  3.38852860e-01 
 1.66500000e+00  3.28125183e+02  1.66500000e+00  1.36298632e+00  1.66500000e+00  1.65450274e-01  1.66500000e+00  6.78857376e+01  1.66500000e+00  3.39725050e-01 
 1.67000000e+00  3.30186318e+02  1.67000000e+00  1.35450595e+00  1.67000000e+00  1.65651507e-01  1.67000000e+00  6.78726358e+01  1.67000000e+00  3.40596105e-01 
 1.67500000e+00  3.32247277e+02  1.67500000e+00  1.34611702e+00  1.67500000e+00  1.65857016e-01  1.67500000e+00  6.78587417e+01  1.67500000e+00  3.41466055e-01 
 1.68000000e+00  3.34308037e+02  1.68000000e+00  1.33781809e+00  1.68000000e+00  1.66066792e-01  1.68000000e+00  6.78440591e+01  1.68000000e+00  3.42334928e-01 
 1.68500000e+00  3.36368577e+02  1.68500000e+00  1.32960771e+00  1.68500000e+00  1.66280829e-01  1.68500000e+00  6.78285916e+01  1.68500000e+00  3.43202753e-01 
 1.69000000e+00  3.38428875e+02  1.69000000e+00  1.32148450e+00  1.69000000e+00  1.66499117e-01  1.69000000e+00  6.78123426e+01  1.69000000e+00  3.44069559e-01 
 1.69500000e+00  3.40488911e+02  1.69500000e+00  1.31344709e+00  1.69500000e+00  1.66721651e-01  1.69500000e+00  6.77953152e+01  1.69500000e+00  3.44935372e-01 
 1.70000000e+00  3.42548663e+02  1.70000000e+00  1.30549413e+00  1.70000000e+00  1.66948424e-01  1.70000000e+00  6.77775123e+01  1.70000000e+00  3.45800221e-01 
 1.70500000e+00  3.44608112e+02  1.70500000e+00  1.29762430e+00  1.70500000e+00  1.67179432e-01  1.70500000e+00  6.77589367e+01  1.70500000e+00  3.46664133e-01 
 1.71000000e+00  3.46667235e+02  1.71000000e+00  1.28983633e+00  1.71000000e+00  1.67414669e-01  1.71000000e+00  6.77395908e+01  1.71000000e+00  3.47527134e-01 
 1.71500000e+00  3.48726014e+02  1.71500000e+00  1.28212895e+00  1.71500000e+00  1.67654133e-01  1.71500000e+00  6.77194771e+01  1.71500000e+00  3.48389250e-01 
 1.72000000e+00  3.50784427e+02  1.72000000e+00  1.27450092e+00  1.72000000e+00  1.67897819e-01  1.72000000e+00  6.76985975e+01  1.72000000e+00  3.49250507e-01 
 1.72500000e+00  3.52842455e+02  1.72500000e+00  1.26695103e+00  1.72500000e+00  1.68145726e-01  1.72500000e+00  6.76769540e+01  1.72500000e+00  3.50110931e-01 
 1.73000000e+00  3.54900079e+02  1.73000000e+00  1.25947809e+00  1.73000000e+00  1.68397852e-01  1.73000000e+00  6.76545481e+01  1.73000000e+00  3.50970547e-01 
 1.73500000e+00  3.56957278e+02  1.73500000e+00  1.25208094e+00  1.73500000e+00  1.68654196e-01  1.73500000e+00  6.76313812e+01  1.73500000e+00  3.51829379e-01 
 1.74000000e+00  3.59014033e+02  1.74000000e+00  1.24475844e+00  1.74000000e+00  1.68914757e-01  1.74000000e+00  6.76074547e+01  1.74000000e+00  3.52687451e-01 
 1.74500000e+00  3.61070326e+02  1.74500000e+00  1.23750946e+00  1.74500000e+00  1.69179537e-01  1.74500000e+00  6.75827694e+01  1.74500000e+00  3.53544789e-01 
 1.75000000e+00  3.63126137e+02  1.75000000e+00  1.23033291e+00  1.75000000e+00  1.69448535e-01  1.75000000e+00  6.75573262e+01  1.75000000e+00  3.54401415e-01 
 1.75500000e+00  3.65181447e+02  1.75500000e+00  1.22322771e+00  1.75500000e+00  1.69721755e-01  1.75500000e+00  6.75311255e+01  1.75500000e+00  3.55257352e-01 
 1.76000000e+00  3.67236238e+02  1.76000000e+00  1.21619280e+00  1.76000000e+00  1.69999198e-01  1.76000000e+00  6.75041677e+01  1.76000000e+00  3.56112625e-01 
 1.76500000e+00  3.69290490e+02  1.76500000e+00  1.20922715e+00  1.76500000e+00  1.70280867e-01  1.76500000e+00  6.74764529e+01  1.76500000e+00  3.56967255e-01 
 1.77000000e+00  3.71344187e+02  1.77000000e+00  1.20232974e+00  1.77000000e+00  1.70566766e-01  1.77000000e+00  6.74479808e+01  1.77000000e+00  3.57821264e-01 
 1.77500000e+00  3.73397309e+02  1.77500000e+00  1.19549957e+00  1.77500000e+00  1.70856900e-01  1.77500000e+00  6.74187513e+01  1.77500000e+00  3.58674676e-01 
 1.78000000e+00  3.75449839e+02  1.78000000e+00  1.18873567e+00  1.78000000e+00  1.71151272e-01  1.78000000e+00  6.73887637e+01  1.78000000e+00  3.59527511e-01 
 1.78500000e+00  3.77501759e+02  1.78500000e+00  1.18203707e+00  1.78500000e+00  1.71449890e-01  1.78500000e+00  6.73580172e+01  1.78500000e+00  3.60379791e-01 
 1.79000000e+00  3.79553050e+02  1.79000000e+00  1.17540282e+00  1.79000000e+00  1.71752759e-01  1.79000000e+00  6.73265108e+01  1.79000000e+00  3.61231537e-01 
 1.79500000e+00  3.81603696e+02  1.79500000e+00  1.16883201e+00  1.79500000e+00  1.72059885e-01  1.79500000e+00  6.72942432e+01  1.79500000e+00  3.62082771e-01 
 1.80000000e+00  3.83653678e+02  1.80000000e+00  1.16232373e+00  1.80000000e+00  1.72371277e-01  1.80000000e+00  6.72612131e+01  1.80000000e+00  3.62933511e-01 
