 0.00000000e+00  1.61559655e-07  0.00000000e+00  1.19210177e+01  0.00000000e+00  7.03792270e-02  0.00000000e+00  1.40098398e-07  0.00000000e+00  4.12180643e-02 
 5.00000000e-03  1.71876402e-07  5.00000000e-03  1.28435316e+01  5.00000000e-03  7.58271232e-02  5.00000000e-03  1.60891647e-07  5.00000000e-03  4.12180655e-02 
 1.00000000e-02  1.83703053e-07  1.00000000e-02  1.37732650e+01  1.00000000e-02  8.13179861e-02  1.00000000e-02  1.84755628e-07  1.00000000e-02  4.12180669e-02 
 1.50000000e-02  1.97257488e-07  1.50000000e-02  1.47017930e+01  1.50000000e-02  8.68021104e-02  1.50000000e-02  2.12140892e-07  1.50000000e-02  4.12180684e-02 
 2.00000000e-02  2.12793672e-07  2.00000000e-02  1.56204464e+01  2.00000000e-02  9.22283447e-02  2.00000000e-02  2.43563527e-07  2.00000000e-02  4.12180702e-02 
 2.50000000e-02  2.30598873e-07  2.50000000e-02  1.65211769e+01  2.50000000e-02  9.75492023e-02  2.50000000e-02  2.79614578e-07  2.50000000e-02  4.12180722e-02 
 3.00000000e-02  2.51008936e-07  3.00000000e-02  1.73961229e+01  3.00000000e-02  1.02718302e-01  3.00000000e-02  3.20970807e-07  3.00000000e-02  4.12180745e-02 
 3.50000000e-02  2.74401335e-07  3.50000000e-02  1.82387965e+01  3.50000000e-02  1.07697374e-01  3.50000000e-02  3.68406955e-07  3.50000000e-02  4.12180772e-02 
 4.00000000e-02  3.01213221e-07  4.00000000e-02  1.90434768e+01  4.00000000e-02  1.12452650e-01  4.00000000e-02  4.22809746e-07  4.00000000e-02  4.12180802e-02 
 4.50000000e-02  3.31940031e-07  4.50000000e-02  1.98059392e+01  4.50000000e-02  1.16959211e-01  4.50000000e-02  4.85193855e-07  4.50000000e-02  4.12180837e-02 
 5.00000000e-02  3.67159081e-07  5.00000000e-02  2.05225967e+01  5.00000000e-02  1.21195897e-01  5.00000000e-02  5.56720095e-07  5.00000000e-02  4.12180877e-02 
 5.50000000e-02  4.07525402e-07  5.50000000e-02  2.11914119e+01  5.50000000e-02  1.25150700e-01  5.50000000e-02  6.38716152e-07  5.50000000e-02  4.12180923e-02 
 6.00000000e-02  4.53788396e-07  6.00000000e-02  2.18114942e+01  6.00000000e-02  1.28818380e-01  6.00000000e-02  7.32700189e-07  6.00000000e-02  4.12180976e-02 
 6.50000000e-02  5.06808484e-07  6.50000000e-02  2.23828365e+01  6.50000000e-02  1.32198916e-01  6.50000000e-02  8.40407731e-07  6.50000000e-02  4.12181036e-02 
 7.00000000e-02  5.67577929e-07  7.00000000e-02  2.29060068e+01  7.00000000e-02  1.35295682e-01  7.00000000e-02  9.63822250e-07  7.00000000e-02  4.12181106e-02 
 7.50000000e-02  6.37223607e-07  7.50000000e-02  2.33826806e+01  7.50000000e-02  1.38118594e-01  7.50000000e-02  1.10520996e-06  7.50000000e-02  4.12181185e-02 
 8.00000000e-02  7.17038928e-07  8.00000000e-02  2.38149544e+01  8.00000000e-02  1.40680056e-01  8.00000000e-02  1.26715937e-06  8.00000000e-02  4.12181276e-02 
 8.50000000e-02  8.08512979e-07  8.50000000e-02  2.42050812e+01  8.50000000e-02  1.42993400e-01  8.50000000e-02  1.45262624e-06  8.50000000e-02  4.12181380e-02 
 9.00000000e-02  9.13345788e-07  9.00000000e-02  2.45557787e+01  9.00000000e-02  1.45074703e-01  9.00000000e-02  1.66498463e-06  9.00000000e-02  4.12181499e-02 
 9.50000000e-02  1.03348857e-06  9.50000000e-02  2.48698185e+01  9.50000000e-02  1.46940366e-01  9.50000000e-02  1.90808491e-06  9.50000000e-02  4.12181636e-02 
 1.00000000e-01  1.17116872e-06  1.00000000e-01  2.51502158e+01  1.00000000e-01  1.48608232e-01  1.00000000e-01  2.18631946e-06  1.00000000e-01  4.12181793e-02 
 1.05000000e-01  1.32895084e-06  1.05000000e-01  2.53996790e+01  1.05000000e-01  1.50094336e-01  1.05000000e-01  2.50469735e-06  1.05000000e-01  4.12181973e-02 
 1.10000000e-01  1.50976315e-06  1.10000000e-01  2.56210475e+01  1.10000000e-01  1.51415494e-01  1.10000000e-01  2.86892887e-06  1.10000000e-01  4.12182179e-02 
 1.15000000e-01  1.71696407e-06  1.15000000e-01  2.58169619e+01  1.15000000e-01  1.52587350e-01  1.15000000e-01  3.28552129e-06  1.15000000e-01  4.12182415e-02 
 1.20000000e-01  1.95440192e-06  1.20000000e-01  2.59899011e+01  1.20000000e-01  1.53624599e-01  1.20000000e-01  3.76188742e-06  1.20000000e-01  4.12182685e-02 
 1.25000000e-01  2.22648011e-06  1.25000000e-01  2.61422395e+01  1.25000000e-01  1.54541326e-01  1.25000000e-01  4.30646829e-06  1.25000000e-01  4.12182995e-02 
 1.30000000e-01  2.53825294e-06  1.30000000e-01  2.62760525e+01  1.30000000e-01  1.55349854e-01  1.30000000e-01  4.92887203e-06  1.30000000e-01  4.12183350e-02 
 1.35000000e-01  2.89549357e-06  1.35000000e-01  2.63934070e+01  1.35000000e-01  1.56062463e-01  1.35000000e-01  5.64003081e-06  1.35000000e-01  4.12183757e-02 
 1.40000000e-01  3.30483002e-06  1.40000000e-01  2.64960347e+01  1.40000000e-01  1.56689460e-01  1.40000000e-01  6.45237811e-06  1.40000000e-01  4.12184223e-02 
 1.45000000e-01  3.77384374e-06  1.45000000e-01  2.65855831e+01  1.45000000e-01  1.57240658e-01  1.45000000e-01  7.38004897e-06  1.45000000e-01  4.12184757e-02 
 1.50000000e-01  4.31122360e-06  1.50000000e-01  2.66634883e+01  1.50000000e-01  1.57724633e-01  1.50000000e-01  8.43910577e-06  1.50000000e-01  4.12185369e-02 
 1.55000000e-01  4.92690888e-06  1.55000000e-01  2.67311004e+01  1.55000000e-01  1.58149456e-01  1.55000000e-01  9.64779310e-06  1.55000000e-01  4.12186070e-02 
 1.60000000e-01  5.63229463e-06  1.60000000e-01  2.67895462e+01  1.60000000e-01  1.58521888e-01  1.60000000e-01  1.10268247e-05  1.60000000e-01  4.12186873e-02 
 1.65000000e-01  6.44042042e-06  1.65000000e-01  2.68398671e+01  1.65000000e-01  1.58848193e-01  1.65000000e-01  1.25997071e-05  1.65000000e-01  4.12187793e-02 
 1.70000000e-01  7.36621458e-06  1.70000000e-01  2.68829857e+01  1.70000000e-01  1.59133941e-01  1.70000000e-01  1.43931035e-05  1.70000000e-01  4.12188848e-02 
 1.75000000e-01  8.42676623e-06  1.75000000e-01  2.69197177e+01  1.75000000e-01  1.59384077e-01  1.75000000e-01  1.64372432e-05  1.75000000e-01  4.12190055e-02 
 1.80000000e-01  9.64164304e-06  1.80000000e-01  2.69507622e+01  1.80000000e-01  1.59602870e-01  1.80000000e-01  1.87663826e-05  1.80000000e-01  4.12191439e-02 
 1.85000000e-01  1.10332368e-05  1.85000000e-01  2.69767477e+01  1.85000000e-01  1.59794176e-01  1.85000000e-01  2.14193224e-05  1.85000000e-01  4.12193023e-02 
 1.90000000e-01  1.26271785e-05  1.90000000e-01  2.69982136e+01  1.90000000e-01  1.59961338e-01  1.90000000e-01  2.44399889e-05  1.90000000e-01  4.12194839e-02 
 1.95000000e-01  1.44527931e-05  1.95000000e-01  2.70156420e+01  1.95000000e-01  1.60107366e-01  1.95000000e-01  2.78780866e-05  1.95000000e-01  4.12196917e-02 
 2.00000000e-01  1.65436401e-05  2.00000000e-01  2.70294418e+01  2.00000000e-01  1.60234850e-01  2.00000000e-01  3.17898298e-05  2.00000000e-01  4.12199298e-02 
 2.05000000e-01  1.89381150e-05  2.05000000e-01  2.70399655e+01  2.05000000e-01  1.60346057e-01  2.05000000e-01  3.62387633e-05  2.05000000e-01  4.12202025e-02 
 2.10000000e-01  2.16801355e-05  2.10000000e-01  2.70475229e+01  2.10000000e-01  1.60443010e-01  2.10000000e-01  4.12966820e-05  2.10000000e-01  4.12205147e-02 
 2.15000000e-01  2.48199378e-05  2.15000000e-01  2.70523738e+01  2.15000000e-01  1.60527451e-01  2.15000000e-01  4.70446601e-05  2.15000000e-01  4.12208722e-02 
 2.20000000e-01  2.84149690e-05  2.20000000e-01  2.70547427e+01  2.20000000e-01  1.60600921e-01  2.20000000e-01  5.35742040e-05  2.20000000e-01  4.12212816e-02 
 2.25000000e-01  3.25309141e-05  2.25000000e-01  2.70548199e+01  2.25000000e-01  1.60664773e-01  2.25000000e-01  6.09885412e-05  2.25000000e-01  4.12217502e-02 
 2.30000000e-01  3.72428755e-05  2.30000000e-01  2.70527571e+01  2.30000000e-01  1.60720141e-01  2.30000000e-01  6.94040614e-05  2.30000000e-01  4.12222867e-02 
 2.35000000e-01  4.26366845e-05  2.35000000e-01  2.70486879e+01  2.35000000e-01  1.60768067e-01  2.35000000e-01  7.89519264e-05  2.35000000e-01  4.12229008e-02 
 2.40000000e-01  4.88104432e-05  2.40000000e-01  2.70427123e+01  2.40000000e-01  1.60809403e-01  2.40000000e-01  8.97798686e-05  2.40000000e-01  4.12236037e-02 
 2.45000000e-01  5.58762300e-05  2.45000000e-01  2.70349150e+01  2.45000000e-01  1.60844924e-01  2.45000000e-01  1.02054197e-04  2.45000000e-01  4.12244082e-02 
 2.50000000e-01  6.39620801e-05  2.50000000e-01  2.70253578e+01  2.50000000e-01  1.60875282e-01  2.50000000e-01  1.15962035e-04  2.50000000e-01  4.12253287e-02 
 2.55000000e-01  7.32142222e-05  2.55000000e-01  2.70140834e+01  2.55000000e-01  1.60901024e-01  2.55000000e-01  1.31713814e-04  2.55000000e-01  4.12263820e-02 
 2.60000000e-01  8.37996117e-05  2.60000000e-01  2.70011211e+01  2.60000000e-01  1.60922634e-01  2.60000000e-01  1.49546053e-04  2.60000000e-01  4.12275869e-02 
 2.65000000e-01  9.59088267e-05  2.65000000e-01  2.69864855e+01  2.65000000e-01  1.60940514e-01  2.65000000e-01  1.69724448e-04  2.65000000e-01  4.12289653e-02 
 2.70000000e-01  1.09759357e-04  2.70000000e-01  2.69701760e+01  2.70000000e-01  1.60954990e-01  2.70000000e-01  1.92547312e-04  2.70000000e-01  4.12305418e-02 
 2.75000000e-01  1.25599318e-04  2.75000000e-01  2.69521817e+01  2.75000000e-01  1.60966334e-01  2.75000000e-01  2.18349399e-04  2.75000000e-01  4.12323446e-02 
 2.80000000e-01  1.43711690e-04  2.80000000e-01  2.69324796e+01  2.80000000e-01  1.60974752e-01  2.80000000e-01  2.47506148e-04  2.80000000e-01  4.12344058e-02 
 2.85000000e-01  1.64419087e-04  2.85000000e-01  2.69110390e+01  2.85000000e-01  1.60980413e-01  2.85000000e-01  2.80438392e-04  2.85000000e-01  4.12367621e-02 
 2.90000000e-01  1.88089207e-04  2.90000000e-01  2.68878186e+01  2.90000000e-01  1.60983424e-01  2.90000000e-01  3.17617582e-04  2.90000000e-01  4.12394553e-02 
 2.95000000e-01  2.15140969e-04  2.95000000e-01  2.68627686e+01  2.95000000e-01  1.60983843e-01  2.95000000e-01  3.59571576e-04  2.95000000e-01  4.12425329e-02 
 3.00000000e-01  2.46051444e-04  3.00000000e-01  2.68358333e+01  3.00000000e-01  1.60981692e-01  3.00000000e-01  4.06891035e-04  3.00000000e-01  4.12460489e-02 
 3.05000000e-01  2.81363734e-04  3.05000000e-01  2.68069487e+01  3.05000000e-01  1.60976938e-01  3.05000000e-01  4.60236510e-04  3.05000000e-01  4.12500650e-02 
 3.10000000e-01  3.21695816e-04  3.10000000e-01  2.67760457e+01  3.10000000e-01  1.60969505e-01  3.10000000e-01  5.20346255e-04  3.10000000e-01  4.12546511e-02 
 3.15000000e-01  3.67750545e-04  3.15000000e-01  2.67430503e+01  3.15000000e-01  1.60959278e-01  3.15000000e-01  5.88044860e-04  3.15000000e-01  4.12598869e-02 
 3.20000000e-01  4.20326950e-04  3.20000000e-01  2.67078828e+01  3.20000000e-01  1.60946083e-01  3.20000000e-01  6.64252761e-04  3.20000000e-01  4.12658626e-02 
 3.25000000e-01  4.80332901e-04  3.25000000e-01  2.66704604e+01  3.25000000e-01  1.60929704e-01  3.25000000e-01  7.49996706e-04  3.25000000e-01  4.12726809e-02 
 3.30000000e-01  5.48799403e-04  3.30000000e-01  2.66306972e+01  3.30000000e-01  1.60909869e-01  3.30000000e-01  8.46421277e-04  3.30000000e-01  4.12804580e-02 
 3.35000000e-01  6.26896636e-04  3.35000000e-01  2.65885050e+01  3.35000000e-01  1.60886253e-01  3.35000000e-01  9.54801535e-04  3.35000000e-01  4.12893259e-02 
 3.40000000e-01  7.15951975e-04  3.40000000e-01  2.65437940e+01  3.40000000e-01  1.60858463e-01  3.40000000e-01  1.07655691e-03  3.40000000e-01  4.12994340e-02 
 3.45000000e-01  8.17470171e-04  3.45000000e-01  2.64964745e+01  3.45000000e-01  1.60826048e-01  3.45000000e-01  1.21326642e-03  3.45000000e-01  4.13109512e-02 
 3.50000000e-01  9.33155980e-04  3.50000000e-01  2.64464571e+01  3.50000000e-01  1.60788481e-01  3.50000000e-01  1.36668532e-03  3.50000000e-01  4.13240688e-02 
 3.55000000e-01  1.06493947e-03  3.55000000e-01  2.63936544e+01  3.55000000e-01  1.60745155e-01  3.55000000e-01  1.53876337e-03  3.55000000e-01  4.13390027e-02 
 3.60000000e-01  1.21500428e-03  3.60000000e-01  2.63379822e+01  3.60000000e-01  1.60695380e-01  3.60000000e-01  1.73166476e-03  3.60000000e-01  4.13559966e-02 
 3.65000000e-01  1.38581920e-03  3.65000000e-01  2.62793607e+01  3.65000000e-01  1.60638369e-01  3.65000000e-01  1.94778988e-03  3.65000000e-01  4.13753251e-02 
 3.70000000e-01  1.58017334e-03  3.70000000e-01  2.62177162e+01  3.70000000e-01  1.60573233e-01  3.70000000e-01  2.18979909e-03  3.70000000e-01  4.13972977e-02 
 3.75000000e-01  1.80121534e-03  3.75000000e-01  2.61529821e+01  3.75000000e-01  1.60498967e-01  3.75000000e-01  2.46063873e-03  3.75000000e-01  4.14222622e-02 
 3.80000000e-01  2.05249690e-03  3.80000000e-01  2.60851017e+01  3.80000000e-01  1.60414443e-01  3.80000000e-01  2.76356939e-03  3.80000000e-01  4.14506095e-02 
 3.85000000e-01  2.33802129e-03  3.85000000e-01  2.60140286e+01  3.85000000e-01  1.60318397e-01  3.85000000e-01  3.10219685e-03  3.85000000e-01  4.14827781e-02 
 3.90000000e-01  2.66229704e-03  3.90000000e-01  2.59397297e+01  3.90000000e-01  1.60209414e-01  3.90000000e-01  3.48050587e-03  3.90000000e-01  4.15192588e-02 
 3.95000000e-01  3.03039763e-03  3.95000000e-01  2.58621863e+01  3.95000000e-01  1.60085923e-01  3.95000000e-01  3.90289703e-03  3.95000000e-01  4.15606009e-02 
 4.00000000e-01  3.44802755e-03  4.00000000e-01  2.57813962e+01  4.00000000e-01  1.59946174e-01  4.00000000e-01  4.37422713e-03  4.00000000e-01  4.16074176e-02 
 4.05000000e-01  3.92159543e-03  4.05000000e-01  2.56973757e+01  4.05000000e-01  1.59788235e-01  4.05000000e-01  4.89985332e-03  4.05000000e-01  4.16603921e-02 
 4.10000000e-01  4.45829508e-03  4.10000000e-01  2.56101606e+01  4.10000000e-01  1.59609973e-01  4.10000000e-01  5.48568152e-03  4.10000000e-01  4.17202848e-02 
 4.15000000e-01  5.06619497e-03  4.15000000e-01  2.55198087e+01  4.15000000e-01  1.59409041e-01  4.15000000e-01  6.13821965e-03  4.15000000e-01  4.17879398e-02 
 4.20000000e-01  5.75433727e-03  4.20000000e-01  2.54263999e+01  4.20000000e-01  1.59182874e-01  4.20000000e-01  6.86463602e-03  4.20000000e-01  4.18642922e-02 
 4.25000000e-01  6.53284725e-03  4.25000000e-01  2.53300378e+01  4.25000000e-01  1.58928671e-01  4.25000000e-01  7.67282373e-03  4.25000000e-01  4.19503759e-02 
 4.30000000e-01  7.41305417e-03  4.30000000e-01  2.52308498e+01  4.30000000e-01  1.58643396e-01  4.30000000e-01  8.57147159e-03  4.30000000e-01  4.20473310e-02 
 4.35000000e-01  8.40762482e-03  4.35000000e-01  2.51289864e+01  4.35000000e-01  1.58323767e-01  4.35000000e-01  9.57014232e-03  4.35000000e-01  4.21564118e-02 
 4.40000000e-01  9.53071108e-03  4.40000000e-01  2.50246207e+01  4.40000000e-01  1.57966260e-01  4.40000000e-01  1.06793588e-02  4.40000000e-01  4.22789945e-02 
 4.45000000e-01  1.07981129e-02  4.45000000e-01  2.49179461e+01  4.45000000e-01  1.57567113e-01  4.45000000e-01  1.19106989e-02  4.45000000e-01  4.24165844e-02 
 4.50000000e-01  1.22274581e-02  4.50000000e-01  2.48091733e+01  4.50000000e-01  1.57122337e-01  4.50000000e-01  1.32769003e-02  4.50000000e-01  4.25708238e-02 
 4.55000000e-01  1.38384012e-02  4.55000000e-01  2.46985264e+01  4.55000000e-01  1.56627731e-01  4.55000000e-01  1.47919743e-02  4.55000000e-01  4.27434980e-02 
 4.60000000e-01  1.56528423e-02  4.60000000e-01  2.45862371e+01  4.60000000e-01  1.56078913e-01  4.60000000e-01  1.64713306e-02  4.60000000e-01  4.29365419e-02 
 4.65000000e-01  1.76951689e-02  4.65000000e-01  2.44725386e+01  4.65000000e-01  1.55471350e-01  4.65000000e-01  1.83319129e-02  4.65000000e-01  4.31520445e-02 
 4.70000000e-01  1.99925212e-02  4.70000000e-01  2.43576571e+01  4.70000000e-01  1.54800406e-01  4.70000000e-01  2.03923427e-02  4.70000000e-01  4.33922529e-02 
 4.75000000e-01  2.25750845e-02  4.75000000e-01  2.42418025e+01  4.75000000e-01  1.54061398e-01  4.75000000e-01  2.26730741e-02  4.75000000e-01  4.36595748e-02 
 4.80000000e-01  2.54764088e-02  4.80000000e-01  2.41251584e+01  4.80000000e-01  1.53249662e-01  4.80000000e-01  2.51965538e-02  4.80000000e-01  4.39565784e-02 
 4.85000000e-01  2.87337582e-02  4.85000000e-01  2.40078702e+01  4.85000000e-01  1.52360630e-01  4.85000000e-01  2.79873864e-02  4.85000000e-01  4.42859917e-02 
 4.90000000e-01  3.23884904e-02  4.90000000e-01  2.38900334e+01  4.90000000e-01  1.51389926e-01  4.90000000e-01  3.10724998e-02  4.90000000e-01  4.46506979e-02 
 4.95000000e-01  3.64864670e-02  4.95000000e-01  2.37716809e+01  4.95000000e-01  1.50333458e-01  4.95000000e-01  3.44813057e-02  4.95000000e-01  4.50537290e-02 
 5.00000000e-01  4.10784953e-02  5.00000000e-01  2.36527715e+01  5.00000000e-01  1.49187531e-01  5.00000000e-01  3.82458487e-02  5.00000000e-01  4.54982567e-02 
 5.05000000e-01  4.62207971e-02  5.05000000e-01  2.35331787e+01  5.05000000e-01  1.47948956e-01  5.05000000e-01  4.24009356e-02  5.05000000e-01  4.59875797e-02 
 5.10000000e-01  5.19755058e-02  5.10000000e-01  2.34126809e+01  5.10000000e-01  1.46615172e-01  5.10000000e-01  4.69842361e-02  5.10000000e-01  4.65251078e-02 
 5.15000000e-01  5.84111836e-02  5.15000000e-01  2.32909545e+01  5.15000000e-01  1.45184355e-01  5.15000000e-01  5.20363428e-02  5.15000000e-01  4.71143433e-02 
 5.20000000e-01  6.56033550e-02  5.20000000e-01  2.31675695e+01  5.20000000e-01  1.43655527e-01  5.20000000e-01  5.76007793e-02  5.20000000e-01  4.77588579e-02 
 5.25000000e-01  7.36350469e-02  5.25000000e-01  2.30419891e+01  5.25000000e-01  1.42028657e-01  5.25000000e-01  6.37239437e-02  5.25000000e-01  4.84622678e-02 
 5.30000000e-01  8.25973252e-02  5.30000000e-01  2.29135732e+01  5.30000000e-01  1.40304740e-01  5.30000000e-01  7.04549745e-02  5.30000000e-01  4.92282043e-02 
 5.35000000e-01  9.25898146e-02  5.35000000e-01  2.27815867e+01  5.35000000e-01  1.38485859e-01  5.35000000e-01  7.78455265e-02  5.35000000e-01  5.00602822e-02 
 5.40000000e-01  1.03721188e-01  5.40000000e-01  2.26452121e+01  5.40000000e-01  1.36575219e-01  5.40000000e-01  8.59494462e-02  5.40000000e-01  5.09620659e-02 
 5.45000000e-01  1.16109604e-01  5.45000000e-01  2.25035670e+01  5.45000000e-01  1.34577154e-01  5.45000000e-01  9.48223384e-02  5.45000000e-01  5.19370332e-02 
 5.50000000e-01  1.29883081e-01  5.50000000e-01  2.23557257e+01  5.50000000e-01  1.32497105e-01  5.50000000e-01  1.04521018e-01  5.50000000e-01  5.29885378e-02 
 5.55000000e-01  1.45179782e-01  5.55000000e-01  2.22007438e+01  5.55000000e-01  1.30341559e-01  5.55000000e-01  1.15102850e-01  5.55000000e-01  5.41197709e-02 
 5.60000000e-01  1.62148187e-01  5.60000000e-01  2.20376863e+01  5.60000000e-01  1.28117962e-01  5.60000000e-01  1.26624971e-01  5.60000000e-01  5.53337236e-02 
 5.65000000e-01  1.80947146e-01  5.65000000e-01  2.18656555e+01  5.65000000e-01  1.25834608e-01  5.65000000e-01  1.39143421e-01  5.65000000e-01  5.66331489e-02 
 5.70000000e-01  2.01745779e-01  5.70000000e-01  2.16838201e+01  5.70000000e-01  1.23500487e-01  5.70000000e-01  1.52712178e-01  5.70000000e-01  5.80205267e-02 
 5.75000000e-01  2.24723212e-01  5.75000000e-01  2.14914427e+01  5.75000000e-01  1.21125132e-01  5.75000000e-01  1.67382136e-01  5.75000000e-01  5.94980300e-02 
 5.80000000e-01  2.50068148e-01  5.80000000e-01  2.12879047e+01  5.80000000e-01  1.18718441e-01  5.80000000e-01  1.83200046e-01  5.80000000e-01  6.10674957e-02 
 5.85000000e-01  2.77978238e-01  5.85000000e-01  2.10727270e+01  5.85000000e-01  1.16290497e-01  5.85000000e-01  2.00207444e-01  5.85000000e-01  6.27303978e-02 
 5.90000000e-01  3.08659279e-01  5.90000000e-01  2.08455870e+01  5.90000000e-01  1.13851387e-01  5.90000000e-01  2.18439614e-01  5.90000000e-01  6.44878271e-02 
 5.95000000e-01  3.42324217e-01  5.95000000e-01  2.06063294e+01  5.95000000e-01  1.11411030e-01  5.95000000e-01  2.37924610e-01  5.95000000e-01  6.63404741e-02 
 6.00000000e-01  3.79191982e-01  6.00000000e-01  2.03549721e+01  6.00000000e-01  1.08979018e-01  6.00000000e-01  2.58682385e-01  6.00000000e-01  6.82886192e-02 
 6.05000000e-01  4.19486158e-01  6.05000000e-01  2.00917064e+01  6.05000000e-01  1.06564473e-01  6.05000000e-01  2.80724046e-01  6.05000000e-01  7.03321274e-02 
 6.10000000e-01  4.63433508e-01  6.10000000e-01  1.98168911e+01  6.10000000e-01  1.04175929e-01  6.10000000e-01  3.04051273e-01  6.10000000e-01  7.24704495e-02 
 6.15000000e-01  5.11262398e-01  6.15000000e-01  1.95310430e+01  6.15000000e-01  1.01821236e-01  6.15000000e-01  3.28655935e-01  6.15000000e-01  7.47026286e-02 
 6.20000000e-01  5.63201127e-01  6.20000000e-01  1.92348225e+01  6.20000000e-01  9.95074874e-02  6.20000000e-01  3.54519895e-01  6.20000000e-01  7.70273130e-02 
 6.25000000e-01  6.19476209e-01  6.25000000e-01  1.89290163e+01  6.25000000e-01  9.72409759e-02  6.25000000e-01  3.81615048e-01  6.25000000e-01  7.94427731e-02 
 6.30000000e-01  6.80310652e-01  6.30000000e-01  1.86145178e+01  6.30000000e-01  9.50271694e-02  6.30000000e-01  4.09903557e-01  6.30000000e-01  8.19469240e-02 
 6.35000000e-01  7.45922250e-01  6.35000000e-01  1.82923057e+01  6.35000000e-01  9.28707089e-02  6.35000000e-01  4.39338309e-01  6.35000000e-01  8.45373515e-02 
 6.40000000e-01  8.16521940e-01  6.40000000e-01  1.79634229e+01  6.40000000e-01  9.07754246e-02  6.40000000e-01  4.69863559e-01  6.40000000e-01  8.72113419e-02 
 6.45000000e-01  8.92312257e-01  6.45000000e-01  1.76289546e+01  6.45000000e-01  8.87443675e-02  6.45000000e-01  5.01415745e-01  6.45000000e-01  8.99659143e-02 
 6.50000000e-01  9.73485906e-01  6.50000000e-01  1.72900085e+01  6.50000000e-01  8.67798534e-02  6.50000000e-01  5.33924453e-01  6.50000000e-01  9.27978550e-02 
 6.55000000e-01  1.06022449e+00  6.55000000e-01  1.69476955e+01  6.55000000e-01  8.48835148e-02  6.55000000e-01  5.67313481e-01  6.55000000e-01  9.57037527e-02 
 6.60000000e-01  1.15269743e+00  6.60000000e-01  1.66031124e+01  6.60000000e-01  8.30563606e-02  6.60000000e-01  6.01502001e-01  6.60000000e-01  9.86800349e-02 
 6.65000000e-01  1.25106101e+00  6.65000000e-01  1.62573272e+01  6.65000000e-01  8.12988378e-02  6.65000000e-01  6.36405743e-01  6.65000000e-01  1.01723003e-01 
 6.70000000e-01  1.35545770e+00  6.70000000e-01  1.59113664e+01  6.70000000e-01  7.96108958e-02  6.70000000e-01  6.71938207e-01  6.70000000e-01  1.04828870e-01 
 6.75000000e-01  1.46601565e+00  6.75000000e-01  1.55662041e+01  6.75000000e-01  7.79920497e-02  6.75000000e-01  7.08011846e-01  6.75000000e-01  1.07993787e-01 
 6.80000000e-01  1.58284832e+00  6.80000000e-01  1.52227542e+01  6.80000000e-01  7.64414410e-02  6.80000000e-01  7.44539193e-01  6.80000000e-01  1.11213886e-01 
 6.85000000e-01  1.70605444e+00  6.85000000e-01  1.48818640e+01  6.85000000e-01  7.49578965e-02  6.85000000e-01  7.81433928e-01  6.85000000e-01  1.14485299e-01 
 6.90000000e-01  1.83571804e+00  6.90000000e-01  1.45443102e+01  6.90000000e-01  7.35399817e-02  6.90000000e-01  8.18611837e-01  6.90000000e-01  1.17804192e-01 
 6.95000000e-01  1.97190864e+00  6.95000000e-01  1.42107966e+01  6.95000000e-01  7.21860516e-02  6.95000000e-01  8.55991667e-01  6.95000000e-01  1.21166788e-01 
 7.00000000e-01  2.11468173e+00  7.00000000e-01  1.38819530e+01  7.00000000e-01  7.08942950e-02  7.00000000e-01  8.93495868e-01  7.00000000e-01  1.24569386e-01 
 7.05000000e-01  2.26407922e+00  7.05000000e-01  1.35583359e+01  7.05000000e-01  6.96627750e-02  7.05000000e-01  9.31051199e-01  7.05000000e-01  1.28008384e-01 
 7.10000000e-01  2.42013008e+00  7.10000000e-01  1.32404302e+01  7.10000000e-01  6.84894650e-02  7.10000000e-01  9.68589218e-01  7.10000000e-01  1.31480294e-01 
 7.15000000e-01  2.58285111e+00  7.15000000e-01  1.29286513e+01  7.15000000e-01  6.73722791e-02  7.15000000e-01  1.00604665e+00  7.15000000e-01  1.34981754e-01 
 7.20000000e-01  2.75224769e+00  7.20000000e-01  1.26233488e+01  7.20000000e-01  6.63090994e-02  7.20000000e-01  1.04336562e+00  7.20000000e-01  1.38509540e-01 
 7.25000000e-01  2.92831464e+00  7.25000000e-01  1.23248099e+01  7.25000000e-01  6.52977984e-02  7.25000000e-01  1.08049380e+00  7.25000000e-01  1.42060575e-01 
 7.30000000e-01  3.11103714e+00  7.30000000e-01  1.20332635e+01  7.30000000e-01  6.43362584e-02  7.30000000e-01  1.11738447e+00  7.30000000e-01  1.45631934e-01 
 7.35000000e-01  3.30039159e+00  7.35000000e-01  1.17488849e+01  7.35000000e-01  6.34223869e-02  7.35000000e-01  1.15399642e+00  7.35000000e-01  1.49220847e-01 
 7.40000000e-01  3.49634655e+00  7.40000000e-01  1.14717995e+01  7.40000000e-01  6.25541301e-02  7.40000000e-01  1.19029386e+00  7.40000000e-01  1.52824707e-01 
 7.45000000e-01  3.69886358e+00  7.45000000e-01  1.12020881e+01  7.45000000e-01  6.17294829e-02  7.45000000e-01  1.22624623e+00  7.45000000e-01  1.56441060e-01 
 7.50000000e-01  3.90789819e+00  7.50000000e-01  1.09397906e+01  7.50000000e-01  6.09464971e-02  7.50000000e-01  1.26182795e+00  7.50000000e-01  1.60067613e-01 
 7.55000000e-01  4.12340060e+00  7.55000000e-01  1.06849108e+01  7.55000000e-01  6.02032874e-02  7.55000000e-01  1.29701813e+00  7.55000000e-01  1.63702229e-01 
 7.60000000e-01  4.34531658e+00  7.60000000e-01  1.04374200e+01  7.60000000e-01  5.94980360e-02  7.60000000e-01  1.33180029e+00  7.60000000e-01  1.67342922e-01 
 7.65000000e-01  4.57358820e+00  7.65000000e-01  1.01972615e+01  7.65000000e-01  5.88289955e-02  7.65000000e-01  1.36616197e+00  7.65000000e-01  1.70987853e-01 
 7.70000000e-01  4.80815450e+00  7.70000000e-01  9.96435336e+00  7.70000000e-01  5.81944910e-02  7.70000000e-01  1.40009446e+00  7.70000000e-01  1.74635328e-01 
 7.75000000e-01  5.04895219e+00  7.75000000e-01  9.73859282e+00  7.75000000e-01  5.75929206e-02  7.75000000e-01  1.43359240e+00  7.75000000e-01  1.78283786e-01 
 7.80000000e-01  5.29591619e+00  7.80000000e-01  9.51985872e+00  7.80000000e-01  5.70227555e-02  7.80000000e-01  1.46665342e+00  7.80000000e-01  1.81931801e-01 
 7.85000000e-01  5.54898020e+00  7.85000000e-01  9.30801468e+00  7.85000000e-01  5.64825395e-02  7.85000000e-01  1.49927787e+00  7.85000000e-01  1.85578070e-01 
 7.90000000e-01  5.80807718e+00  7.90000000e-01  9.10291168e+00  7.90000000e-01  5.59708877e-02  7.90000000e-01  1.53146840e+00  7.90000000e-01  1.89221407e-01 
 7.95000000e-01  6.07313977e+00  7.95000000e-01  8.90439047e+00  7.95000000e-01  5.54864848e-02  7.95000000e-01  1.56322974e+00  7.95000000e-01  1.92860739e-01 
 8.00000000e-01  6.34410067e+00  8.00000000e-01  8.71228370e+00  8.00000000e-01  5.50280832e-02  8.00000000e-01  1.59456833e+00  8.00000000e-01  1.96495095e-01 
 8.05000000e-01  6.62089298e+00  8.05000000e-01  8.52641782e+00  8.05000000e-01  5.45945011e-02  8.05000000e-01  1.62549207e+00  8.05000000e-01  2.00123606e-01 
 8.10000000e-01  6.90345049e+00  8.10000000e-01  8.34661486e+00  8.10000000e-01  5.41846194e-02  8.10000000e-01  1.65601009e+00  8.10000000e-01  2.03745492e-01 
 8.15000000e-01  7.19170790e+00  8.15000000e-01  8.17269387e+00  8.15000000e-01  5.37973801e-02  8.15000000e-01  1.68613247e+00  8.15000000e-01  2.07360057e-01 
 8.20000000e-01  7.48560102e+00  8.20000000e-01  8.00447228e+00  8.20000000e-01  5.34317831e-02  8.20000000e-01  1.71587007e+00  8.20000000e-01  2.10966687e-01 
 8.25000000e-01  7.78506695e+00  8.25000000e-01  7.84176707e+00  8.25000000e-01  5.30868838e-02  8.25000000e-01  1.74523429e+00  8.25000000e-01  2.14564838e-01 
 8.30000000e-01  8.09004423e+00  8.30000000e-01  7.68439573e+00  8.30000000e-01  5.27617907e-02  8.30000000e-01  1.77423693e+00  8.30000000e-01  2.18154037e-01 
 8.35000000e-01  8.40047288e+00  8.35000000e-01  7.53217720e+00  8.35000000e-01  5.24556625e-02  8.35000000e-01  1.80289006e+00  8.35000000e-01  2.21733870e-01 
 8.40000000e-01  8.71629455e+00  8.40000000e-01  7.38493251e+00  8.40000000e-01  5.21677059e-02  8.40000000e-01  1.83120581e+00  8.40000000e-01  2.25303982e-01 
 8.45000000e-01  9.03745250e+00  8.45000000e-01  7.24248546e+00  8.45000000e-01  5.18971730e-02  8.45000000e-01  1.85919633e+00  8.45000000e-01  2.28864067e-01 
 8.50000000e-01  9.36389167e+00  8.50000000e-01  7.10466315e+00  8.50000000e-01  5.16433589e-02  8.50000000e-01  1.88687366e+00  8.50000000e-01  2.32413871e-01 
 8.55000000e-01  9.69555870e+00  8.55000000e-01  6.97129633e+00  8.55000000e-01  5.14055995e-02  8.55000000e-01  1.91424962e+00  8.55000000e-01  2.35953180e-01 
 8.60000000e-01  1.00324019e+01  8.60000000e-01  6.84221983e+00  8.60000000e-01  5.11832692e-02  8.60000000e-01  1.94133577e+00  8.60000000e-01  2.39481820e-01 
 8.65000000e-01  1.03743712e+01  8.65000000e-01  6.71727277e+00  8.65000000e-01  5.09757787e-02  8.65000000e-01  1.96814336e+00  8.65000000e-01  2.42999654e-01 
 8.70000000e-01  1.07214182e+01  8.70000000e-01  6.59629880e+00  8.70000000e-01  5.07825735e-02  8.70000000e-01  1.99468322e+00  8.70000000e-01  2.46506575e-01 
 8.75000000e-01  1.10734960e+01  8.75000000e-01  6.47914622e+00  8.75000000e-01  5.06031312e-02  8.75000000e-01  2.02096581e+00  8.75000000e-01  2.50002506e-01 
 8.80000000e-01  1.14305595e+01  8.80000000e-01  6.36566813e+00  8.80000000e-01  5.04369602e-02  8.80000000e-01  2.04700111e+00  8.80000000e-01  2.53487397e-01 
 8.85000000e-01  1.17925647e+01  8.85000000e-01  6.25572242e+00  8.85000000e-01  5.02835979e-02  8.85000000e-01  2.07279864e+00  8.85000000e-01  2.56961220e-01 
 8.90000000e-01  1.21594693e+01  8.90000000e-01  6.14917188e+00  8.90000000e-01  5.01426091e-02  8.90000000e-01  2.09836745e+00  8.90000000e-01  2.60423968e-01 
 8.95000000e-01  1.25312322e+01  8.95000000e-01  6.04588412e+00  8.95000000e-01  5.00135841e-02  8.95000000e-01  2.12371608e+00  8.95000000e-01  2.63875652e-01 
 9.00000000e-01  1.29078138e+01  9.00000000e-01  5.94573157e+00  9.00000000e-01  4.98961377e-02  9.00000000e-01  2.14885259e+00  9.00000000e-01  2.67316301e-01 
 9.05000000e-01  1.32891754e+01  9.05000000e-01  5.84859144e+00  9.05000000e-01  4.97899075e-02  9.05000000e-01  2.17378455e+00  9.05000000e-01  2.70745957e-01 
 9.10000000e-01  1.36752798e+01  9.10000000e-01  5.75434559e+00  9.10000000e-01  4.96945529e-02  9.10000000e-01  2.19851902e+00  9.10000000e-01  2.74164675e-01 
 9.15000000e-01  1.40660906e+01  9.15000000e-01  5.66288051e+00  9.15000000e-01  4.96097535e-02  9.15000000e-01  2.22306260e+00  9.15000000e-01  2.77572522e-01 
 9.20000000e-01  1.44615727e+01  9.20000000e-01  5.57408716e+00  9.20000000e-01  4.95352084e-02  9.20000000e-01  2.24742143e+00  9.20000000e-01  2.80969573e-01 
 9.25000000e-01  1.48616917e+01  9.25000000e-01  5.48786091e+00  9.25000000e-01  4.94706347e-02  9.25000000e-01  2.27160116e+00  9.25000000e-01  2.84355913e-01 
 9.30000000e-01  1.52664142e+01  9.30000000e-01  5.40410135e+00  9.30000000e-01  4.94157667e-02  9.30000000e-01  2.29560703e+00  9.30000000e-01  2.87731632e-01 
 9.35000000e-01  1.56757075e+01  9.35000000e-01  5.32271225e+00  9.35000000e-01  4.93703551e-02  9.35000000e-01  2.31944385e+00  9.35000000e-01  2.91096830e-01 
 9.40000000e-01  1.60895399e+01  9.40000000e-01  5.24360137e+00  9.40000000e-01  4.93341657e-02  9.40000000e-01  2.34311601e+00  9.40000000e-01  2.94451608e-01 
 9.45000000e-01  1.65078802e+01  9.45000000e-01  5.16668033e+00  9.45000000e-01  4.93069789e-02  9.45000000e-01  2.36662753e+00  9.45000000e-01  2.97796073e-01 
 9.50000000e-01  1.69306979e+01  9.50000000e-01  5.09186453e+00  9.50000000e-01  4.92885891e-02  9.50000000e-01  2.38998204e+00  9.50000000e-01  3.01130336e-01 
 9.55000000e-01  1.73579630e+01  9.55000000e-01  5.01907292e+00  9.55000000e-01  4.92788032e-02  9.55000000e-01  2.41318283e+00  9.55000000e-01  3.04454510e-01 
 9.60000000e-01  1.77896461e+01  9.60000000e-01  4.94822798e+00  9.60000000e-01  4.92774409e-02  9.60000000e-01  2.43623286e+00  9.60000000e-01  3.07768711e-01 
 9.65000000e-01  1.82257183e+01  9.65000000e-01  4.87925550e+00  9.65000000e-01  4.92843334e-02  9.65000000e-01  2.45913476e+00  9.65000000e-01  3.11073056e-01 
 9.70000000e-01  1.86661510e+01  9.70000000e-01  4.81208446e+00  9.70000000e-01  4.92993228e-02  9.70000000e-01  2.48189088e+00  9.70000000e-01  3.14367662e-01 
 9.75000000e-01  1.91109162e+01  9.75000000e-01  4.74664695e+00  9.75000000e-01  4.93222620e-02  9.75000000e-01  2.50450327e+00  9.75000000e-01  3.17652649e-01 
 9.80000000e-01  1.95599860e+01  9.80000000e-01  4.68287800e+00  9.80000000e-01  4.93530139e-02  9.80000000e-01  2.52697375e+00  9.80000000e-01  3.20928137e-01 
 9.85000000e-01  2.00133330e+01  9.85000000e-01  4.62071547e+00  9.85000000e-01  4.93914507e-02  9.85000000e-01  2.54930388e+00  9.85000000e-01  3.24194245e-01 
 9.90000000e-01  2.04709300e+01  9.90000000e-01  4.56009992e+00  9.90000000e-01  4.94374539e-02  9.90000000e-01  2.57149498e+00  9.90000000e-01  3.27451092e-01 
 9.95000000e-01  2.09327498e+01  9.95000000e-01  4.50097450e+00  9.95000000e-01  4.94909135e-02  9.95000000e-01  2.59354818e+00  9.95000000e-01  3.30698797e-01 
 1.00000000e+00  2.13987659e+01  1.00000000e+00  4.44328486e+00  1.00000000e+00  4.95517278e-02  1.00000000e+00  2.61546441e+00  1.00000000e+00  3.33937478e-01 
 1.00500000e+00  2.18689514e+01  1.00500000e+00  4.38697899e+00  1.00500000e+00  4.96198029e-02  1.00500000e+00  2.63724441e+00  1.00500000e+00  3.37167253e-01 
 1.01000000e+00  2.23432799e+01  1.01000000e+00  4.33200717e+00  1.01000000e+00  4.96950526e-02  1.01000000e+00  2.65888876e+00  1.01000000e+00  3.40388236e-01 
 1.01500000e+00  2.28217250e+01  1.01500000e+00  4.27832182e+00  1.01500000e+00  4.97773977e-02  1.01500000e+00  2.68039788e+00  1.01500000e+00  3.43600545e-01 
 1.02000000e+00  2.33042604e+01  1.02000000e+00  4.22587743e+00  1.02000000e+00  4.98667660e-02  1.02000000e+00  2.70177207e+00  1.02000000e+00  3.46804291e-01 
 1.02500000e+00  2.37908599e+01  1.02500000e+00  4.17463048e+00  1.02500000e+00  4.99630921e-02  1.02500000e+00  2.72301147e+00  1.02500000e+00  3.49999588e-01 
 1.03000000e+00  2.42814972e+01  1.03000000e+00  4.12453930e+00  1.03000000e+00  5.00663166e-02  1.03000000e+00  2.74411612e+00  1.03000000e+00  3.53186546e-01 
 1.03500000e+00  2.47761461e+01  1.03500000e+00  4.07556402e+00  1.03500000e+00  5.01763866e-02  1.03500000e+00  2.76508595e+00  1.03500000e+00  3.56365276e-01 
 1.04000000e+00  2.52747806e+01  1.04000000e+00  4.02766650e+00  1.04000000e+00  5.02932549e-02  1.04000000e+00  2.78592079e+00  1.04000000e+00  3.59535885e-01 
 1.04500000e+00  2.57773744e+01  1.04500000e+00  3.98081022e+00  1.04500000e+00  5.04168801e-02  1.04500000e+00  2.80662039e+00  1.04500000e+00  3.62698480e-01 
 1.05000000e+00  2.62839014e+01  1.05000000e+00  3.93496019e+00  1.05000000e+00  5.05472262e-02  1.05000000e+00  2.82718441e+00  1.05000000e+00  3.65853166e-01 
 1.05500000e+00  2.67943352e+01  1.05500000e+00  3.89008295e+00  1.05500000e+00  5.06842626e-02  1.05500000e+00  2.84761245e+00  1.05500000e+00  3.69000046e-01 
 1.06000000e+00  2.73086497e+01  1.06000000e+00  3.84614641e+00  1.06000000e+00  5.08279639e-02  1.06000000e+00  2.86790404e+00  1.06000000e+00  3.72139223e-01 
 1.06500000e+00  2.78268186e+01  1.06500000e+00  3.80311985e+00  1.06500000e+00  5.09783096e-02  1.06500000e+00  2.88805865e+00  1.06500000e+00  3.75270796e-01 
 1.07000000e+00  2.83488154e+01  1.07000000e+00  3.76097383e+00  1.07000000e+00  5.11352843e-02  1.07000000e+00  2.90807571e+00  1.07000000e+00  3.78394865e-01 
 1.07500000e+00  2.88746137e+01  1.07500000e+00  3.71968013e+00  1.07500000e+00  5.12988770e-02  1.07500000e+00  2.92795459e+00  1.07500000e+00  3.81511527e-01 
 1.08000000e+00  2.94041870e+01  1.08000000e+00  3.67921169e+00  1.08000000e+00  5.14690817e-02  1.08000000e+00  2.94769465e+00  1.08000000e+00  3.84620878e-01 
 1.08500000e+00  2.99375086e+01  1.08500000e+00  3.63954259e+00  1.08500000e+00  5.16458967e-02  1.08500000e+00  2.96729520e+00  1.08500000e+00  3.87723013e-01 
 1.09000000e+00  3.04745519e+01  1.09000000e+00  3.60064793e+00  1.09000000e+00  5.18293248e-02  1.09000000e+00  2.98675552e+00  1.09000000e+00  3.90818024e-01 
 1.09500000e+00  3.10152901e+01  1.09500000e+00  3.56250386e+00  1.09500000e+00  5.20193731e-02  1.09500000e+00  3.00607486e+00  1.09500000e+00  3.93906003e-01 
 1.10000000e+00  3.15596962e+01  1.10000000e+00  3.52508745e+00  1.10000000e+00  5.22160529e-02  1.10000000e+00  3.02525248e+00  1.10000000e+00  3.96987041e-01 
 1.10500000e+00  3.21077434e+01  1.10500000e+00  3.48837672e+00  1.10500000e+00  5.24193800e-02  1.10500000e+00  3.04428759e+00  1.10500000e+00  4.00061227e-01 
 1.11000000e+00  3.26594045e+01  1.11000000e+00  3.45235056e+00  1.11000000e+00  5.26293738e-02  1.11000000e+00  3.06317941e+00  1.11000000e+00  4.03128648e-01 
 1.11500000e+00  3.32146524e+01  1.11500000e+00  3.41698868e+00  1.11500000e+00  5.28460584e-02  1.11500000e+00  3.08192714e+00  1.11500000e+00  4.06189391e-01 
 1.12000000e+00  3.37734598e+01  1.12000000e+00  3.38227161e+00  1.12000000e+00  5.30694613e-02  1.12000000e+00  3.10052998e+00  1.12000000e+00  4.09243542e-01 
 1.12500000e+00  3.43357993e+01  1.12500000e+00  3.34818061e+00  1.12500000e+00  5.32996144e-02  1.12500000e+00  3.11898712e+00  1.12500000e+00  4.12291184e-01 
 1.13000000e+00  3.49016434e+01  1.13000000e+00  3.31469769e+00  1.13000000e+00  5.35365535e-02  1.13000000e+00  3.13729776e+00  1.13000000e+00  4.15332402e-01 
 1.13500000e+00  3.54709645e+01  1.13500000e+00  3.28180554e+00  1.13500000e+00  5.37803181e-02  1.13500000e+00  3.15546108e+00  1.13500000e+00  4.18367276e-01 
 1.14000000e+00  3.60437349e+01  1.14000000e+00  3.24948750e+00  1.14000000e+00  5.40309519e-02  1.14000000e+00  3.17347628e+00  1.14000000e+00  4.21395888e-01 
 1.14500000e+00  3.66199268e+01  1.14500000e+00  3.21772755e+00  1.14500000e+00  5.42885022e-02  1.14500000e+00  3.19134255e+00  1.14500000e+00  4.24418318e-01 
 1.15000000e+00  3.71995124e+01  1.15000000e+00  3.18651028e+00  1.15000000e+00  5.45530203e-02  1.15000000e+00  3.20905910e+00  1.15000000e+00  4.27434646e-01 
 1.15500000e+00  3.77824636e+01  1.15500000e+00  3.15582083e+00  1.15500000e+00  5.48245613e-02  1.15500000e+00  3.22662513e+00  1.15500000e+00  4.30444948e-01 
 1.16000000e+00  3.83687523e+01  1.16000000e+00  3.12564490e+00  1.16000000e+00  5.51031844e-02  1.16000000e+00  3.24403986e+00  1.16000000e+00  4.33449303e-01 
 1.16500000e+00  3.89583503e+01  1.16500000e+00  3.09596872e+00  1.16500000e+00  5.53889525e-02  1.16500000e+00  3.26130250e+00  1.16500000e+00  4.36447788e-01 
 1.17000000e+00  3.95512294e+01  1.17000000e+00  3.06677900e+00  1.17000000e+00  5.56819322e-02  1.17000000e+00  3.27841229e+00  1.17000000e+00  4.39440476e-01 
 1.17500000e+00  4.01473611e+01  1.17500000e+00  3.03806295e+00  1.17500000e+00  5.59821944e-02  1.17500000e+00  3.29536847e+00  1.17500000e+00  4.42427444e-01 
 1.18000000e+00  4.07467170e+01  1.18000000e+00  3.00980822e+00  1.18000000e+00  5.62898136e-02  1.18000000e+00  3.31217028e+00  1.18000000e+00  4.45408766e-01 
 1.18500000e+00  4.13492684e+01  1.18500000e+00  2.98200290e+00  1.18500000e+00  5.66048684e-02  1.18500000e+00  3.32881697e+00  1.18500000e+00  4.48384514e-01 
 1.19000000e+00  4.19549868e+01  1.19000000e+00  2.95463549e+00  1.19000000e+00  5.69274413e-02  1.19000000e+00  3.34530783e+00  1.19000000e+00  4.51354762e-01 
 1.19500000e+00  4.25638434e+01  1.19500000e+00  2.92769492e+00  1.19500000e+00  5.72576190e-02  1.19500000e+00  3.36164212e+00  1.19500000e+00  4.54319582e-01 
 1.20000000e+00  4.31758092e+01  1.20000000e+00  2.90117045e+00  1.20000000e+00  5.75954920e-02  1.20000000e+00  3.37781912e+00  1.20000000e+00  4.57279044e-01 
 1.20500000e+00  4.37908555e+01  1.20500000e+00  2.87505175e+00  1.20500000e+00  5.79411551e-02  1.20500000e+00  3.39383814e+00  1.20500000e+00  4.60233220e-01 
 1.21000000e+00  4.44089532e+01  1.21000000e+00  2.84932881e+00  1.21000000e+00  5.82947071e-02  1.21000000e+00  3.40969847e+00  1.21000000e+00  4.63182180e-01 
 1.21500000e+00  4.50300731e+01  1.21500000e+00  2.82399198e+00  1.21500000e+00  5.86562512e-02  1.21500000e+00  3.42539944e+00  1.21500000e+00  4.66125993e-01 
 1.22000000e+00  4.56541863e+01  1.22000000e+00  2.79903190e+00  1.22000000e+00  5.90258947e-02  1.22000000e+00  3.44094036e+00  1.22000000e+00  4.69064729e-01 
 1.22500000e+00  4.62812633e+01  1.22500000e+00  2.77443953e+00  1.22500000e+00  5.94037492e-02  1.22500000e+00  3.45632056e+00  1.22500000e+00  4.71998455e-01 
 1.23000000e+00  4.69112749e+01  1.23000000e+00  2.75020615e+00  1.23000000e+00  5.97899309e-02  1.23000000e+00  3.47153939e+00  1.23000000e+00  4.74927241e-01 
 1.23500000e+00  4.75441917e+01  1.23500000e+00  2.72632327e+00  1.23500000e+00  6.01845603e-02  1.23500000e+00  3.48659618e+00  1.23500000e+00  4.77851154e-01 
 1.24000000e+00  4.81799843e+01  1.24000000e+00  2.70278270e+00  1.24000000e+00  6.05877624e-02  1.24000000e+00  3.50149029e+00  1.24000000e+00  4.80770260e-01 
 1.24500000e+00  4.88186230e+01  1.24500000e+00  2.67957652e+00  1.24500000e+00  6.09996670e-02  1.24500000e+00  3.51622108e+00  1.24500000e+00  4.83684626e-01 
 1.25000000e+00  4.94600784e+01  1.25000000e+00  2.65669703e+00  1.25000000e+00  6.14204084e-02  1.25000000e+00  3.53078790e+00  1.25000000e+00  4.86594319e-01 
 1.25500000e+00  5.01043206e+01  1.25500000e+00  2.63413678e+00  1.25500000e+00  6.18501260e-02  1.25500000e+00  3.54519013e+00  1.25500000e+00  4.89499405e-01 
 1.26000000e+00  5.07513201e+01  1.26000000e+00  2.61188855e+00  1.26000000e+00  6.22889638e-02  1.26000000e+00  3.55942714e+00  1.26000000e+00  4.92399948e-01 
 1.26500000e+00  5.14010469e+01  1.26500000e+00  2.58994534e+00  1.26500000e+00  6.27370708e-02  1.26500000e+00  3.57349829e+00  1.26500000e+00  4.95296015e-01 
 1.27000000e+00  5.20534713e+01  1.27000000e+00  2.56830035e+00  1.27000000e+00  6.31946014e-02  1.27000000e+00  3.58740297e+00  1.27000000e+00  4.98187668e-01 
 1.27500000e+00  5.27085632e+01  1.27500000e+00  2.54694699e+00  1.27500000e+00  6.36617148e-02  1.27500000e+00  3.60114055e+00  1.27500000e+00  5.01074974e-01 
 1.28000000e+00  5.33662928e+01  1.28000000e+00  2.52587887e+00  1.28000000e+00  6.41385759e-02  1.28000000e+00  3.61471040e+00  1.28000000e+00  5.03957996e-01 
 1.28500000e+00  5.40266298e+01  1.28500000e+00  2.50508976e+00  1.28500000e+00  6.46253548e-02  1.28500000e+00  3.62811191e+00  1.28500000e+00  5.06836797e-01 
 1.29000000e+00  5.46895443e+01  1.29000000e+00  2.48457364e+00  1.29000000e+00  6.51222271e-02  1.29000000e+00  3.64134445e+00  1.29000000e+00  5.09711441e-01 
 1.29500000e+00  5.53550059e+01  1.29500000e+00  2.46432465e+00  1.29500000e+00  6.56293743e-02  1.29500000e+00  3.65440738e+00  1.29500000e+00  5.12581990e-01 
 1.30000000e+00  5.60229846e+01  1.30000000e+00  2.44433708e+00  1.30000000e+00  6.61469836e-02  1.30000000e+00  3.66730008e+00  1.30000000e+00  5.15448508e-01 
 1.30500000e+00  5.66934499e+01  1.30500000e+00  2.42460540e+00  1.30500000e+00  6.66752481e-02  1.30500000e+00  3.68002190e+00  1.30500000e+00  5.18311057e-01 
 1.31000000e+00  5.73663714e+01  1.31000000e+00  2.40512422e+00  1.31000000e+00  6.72143672e-02  1.31000000e+00  3.69257221e+00  1.31000000e+00  5.21169699e-01 
 1.31500000e+00  5.80417189e+01  1.31500000e+00  2.38588830e+00  1.31500000e+00  6.77645463e-02  1.31500000e+00  3.70495035e+00  1.31500000e+00  5.24024496e-01 
 1.32000000e+00  5.87194616e+01  1.32000000e+00  2.36689254e+00  1.32000000e+00  6.83259973e-02  1.32000000e+00  3.71715566e+00  1.32000000e+00  5.26875509e-01 
 1.32500000e+00  5.93995692e+01  1.32500000e+00  2.34813199e+00  1.32500000e+00  6.88989387e-02  1.32500000e+00  3.72918749e+00  1.32500000e+00  5.29722800e-01 
 1.33000000e+00  6.00820109e+01  1.33000000e+00  2.32960180e+00  1.33000000e+00  6.94835956e-02  1.33000000e+00  3.74104513e+00  1.33000000e+00  5.32566429e-01 
 1.33500000e+00  6.07667560e+01  1.33500000e+00  2.31129728e+00  1.33500000e+00  7.00802001e-02  1.33500000e+00  3.75272792e+00  1.33500000e+00  5.35406458e-01 
 1.34000000e+00  6.14537738e+01  1.34000000e+00  2.29321383e+00  1.34000000e+00  7.06889914e-02  1.34000000e+00  3.76423514e+00  1.34000000e+00  5.38242947e-01 
 1.34500000e+00  6.21430335e+01  1.34500000e+00  2.27534698e+00  1.34500000e+00  7.13102157e-02  1.34500000e+00  3.77556607e+00  1.34500000e+00  5.41075955e-01 
 1.35000000e+00  6.28345042e+01  1.35000000e+00  2.25769239e+00  1.35000000e+00  7.19441268e-02  1.35000000e+00  3.78672000e+00  1.35000000e+00  5.43905544e-01 
 1.35500000e+00  6.35281548e+01  1.35500000e+00  2.24024579e+00  1.35500000e+00  7.25909862e-02  1.35500000e+00  3.79769615e+00  1.35500000e+00  5.46731773e-01 
 1.36000000e+00  6.42239544e+01  1.36000000e+00  2.22300306e+00  1.36000000e+00  7.32510629e-02  1.36000000e+00  3.80849378e+00  1.36000000e+00  5.49554702e-01 
 1.36500000e+00  6.49218717e+01  1.36500000e+00  2.20596013e+00  1.36500000e+00  7.39246342e-02  1.36500000e+00  3.81911210e+00  1.36500000e+00  5.52374390e-01 
 1.37000000e+00  6.56218756e+01  1.37000000e+00  2.18911307e+00  1.37000000e+00  7.46119854e-02  1.37000000e+00  3.82955029e+00  1.37000000e+00  5.55190895e-01 
 1.37500000e+00  6.63239349e+01  1.37500000e+00  2.17245802e+00  1.37500000e+00  7.53134103e-02  1.37500000e+00  3.83980753e+00  1.37500000e+00  5.58004277e-01 
 1.38000000e+00  6.70280181e+01  1.38000000e+00  2.15599121e+00  1.38000000e+00  7.60292114e-02  1.38000000e+00  3.84988298e+00  1.38000000e+00  5.60814595e-01 
 1.38500000e+00  6.77340937e+01  1.38500000e+00  2.13970897e+00  1.38500000e+00  7.67597000e-02  1.38500000e+00  3.85977575e+00  1.38500000e+00  5.63621907e-01 
 1.39000000e+00  6.84421303e+01  1.39000000e+00  2.12360769e+00  1.39000000e+00  7.75051964e-02  1.39000000e+00  3.86948496e+00  1.39000000e+00  5.66426271e-01 
 1.39500000e+00  6.91520961e+01  1.39500000e+00  2.10768388e+00  1.39500000e+00  7.82660303e-02  1.39500000e+00  3.87900966e+00  1.39500000e+00  5.69227745e-01 
 1.40000000e+00  6.98639596e+01  1.40000000e+00  2.09193408e+00  1.40000000e+00  7.90425408e-02  1.40000000e+00  3.88834892e+00  1.40000000e+00  5.72026387e-01 
 1.40500000e+00  7.05776887e+01  1.40500000e+00  2.07635494e+00  1.40500000e+00  7.98350772e-02  1.40500000e+00  3.89750174e+00  1.40500000e+00  5.74822254e-01 
 1.41000000e+00  7.12932515e+01  1.41000000e+00  2.06094317e+00  1.41000000e+00  8.06439983e-02  1.41000000e+00  3.90646711e+00  1.41000000e+00  5.77615405e-01 
 1.41500000e+00  7.20106161e+01  1.41500000e+00  2.04569554e+00  1.41500000e+00  8.14696734e-02  1.41500000e+00  3.91524398e+00  1.41500000e+00  5.80405896e-01 
 1.42000000e+00  7.27297503e+01  1.42000000e+00  2.03060890e+00  1.42000000e+00  8.23124826e-02  1.42000000e+00  3.92383128e+00  1.42000000e+00  5.83193783e-01 
 1.42500000e+00  7.34506217e+01  1.42500000e+00  2.01568016e+00  1.42500000e+00  8.31728163e-02  1.42500000e+00  3.93222788e+00  1.42500000e+00  5.85979125e-01 
 1.43000000e+00  7.41731979e+01  1.43000000e+00  2.00090630e+00  1.43000000e+00  8.40510764e-02  1.43000000e+00  3.94043265e+00  1.43000000e+00  5.88761977e-01 
 1.43500000e+00  7.48974465e+01  1.43500000e+00  1.98628435e+00  1.43500000e+00  8.49476758e-02  1.43500000e+00  3.94844438e+00  1.43500000e+00  5.91542395e-01 
 1.44000000e+00  7.56233347e+01  1.44000000e+00  1.97181140e+00  1.44000000e+00  8.58630391e-02  1.44000000e+00  3.95626185e+00  1.44000000e+00  5.94320437e-01 
 1.44500000e+00  7.63508298e+01  1.44500000e+00  1.95748459e+00  1.44500000e+00  8.67976028e-02  1.44500000e+00  3.96388380e+00  1.44500000e+00  5.97096158e-01 
 1.45000000e+00  7.70798987e+01  1.45000000e+00  1.94330113e+00  1.45000000e+00  8.77518156e-02  1.45000000e+00  3.97130891e+00  1.45000000e+00  5.99869613e-01 
 1.45500000e+00  7.78105085e+01  1.45500000e+00  1.92925827e+00  1.45500000e+00  8.87261384e-02  1.45500000e+00  3.97853584e+00  1.45500000e+00  6.02640858e-01 
 1.46000000e+00  7.85426259e+01  1.46000000e+00  1.91535332e+00  1.46000000e+00  8.97210448e-02  1.46000000e+00  3.98556317e+00  1.46000000e+00  6.05409949e-01 
 1.46500000e+00  7.92762173e+01  1.46500000e+00  1.90158361e+00  1.46500000e+00  9.07370215e-02  1.46500000e+00  3.99238949e+00  1.46500000e+00  6.08176941e-01 
 1.47000000e+00  8.00112493e+01  1.47000000e+00  1.88794656e+00  1.47000000e+00  9.17745684e-02  1.47000000e+00  3.99901329e+00  1.47000000e+00  6.10941888e-01 
 1.47500000e+00  8.07476881e+01  1.47500000e+00  1.87443960e+00  1.47500000e+00  9.28341986e-02  1.47500000e+00  4.00543304e+00  1.47500000e+00  6.13704846e-01 
 1.48000000e+00  8.14854997e+01  1.48000000e+00  1.86106022e+00  1.48000000e+00  9.39164394e-02  1.48000000e+00  4.01164715e+00  1.48000000e+00  6.16465869e-01 
 1.48500000e+00  8.22246500e+01  1.48500000e+00  1.84780595e+00  1.48500000e+00  9.50218317e-02  1.48500000e+00  4.01765400e+00  1.48500000e+00  6.19225011e-01 
 1.49000000e+00  8.29651047e+01  1.49000000e+00  1.83467435e+00  1.49000000e+00  9.61509310e-02  1.49000000e+00  4.02345188e+00  1.49000000e+00  6.21982327e-01 
 1.49500000e+00  8.37068292e+01  1.49500000e+00  1.82166304e+00  1.49500000e+00  9.73043071e-02  1.49500000e+00  4.02903907e+00  1.49500000e+00  6.24737871e-01 
 1.50000000e+00  8.44497888e+01  1.50000000e+00  1.80876965e+00  1.50000000e+00  9.84825446e-02  1.50000000e+00  4.03441377e+00  1.50000000e+00  6.27491696e-01 
 1.50500000e+00  8.51939484e+01  1.50500000e+00  1.79599186e+00  1.50500000e+00  9.96862433e-02  1.50500000e+00  4.03957413e+00  1.50500000e+00  6.30243857e-01 
 1.51000000e+00  8.59392730e+01  1.51000000e+00  1.78332740e+00  1.51000000e+00  1.00916018e-01  1.51000000e+00  4.04451826e+00  1.51000000e+00  6.32994405e-01 
 1.51500000e+00  8.66857269e+01  1.51500000e+00  1.77077401e+00  1.51500000e+00  1.02172499e-01  1.51500000e+00  4.04924418e+00  1.51500000e+00  6.35743396e-01 
 1.52000000e+00  8.74332746e+01  1.52000000e+00  1.75832946e+00  1.52000000e+00  1.03456332e-01  1.52000000e+00  4.05374990e+00  1.52000000e+00  6.38490881e-01 
 1.52500000e+00  8.81818801e+01  1.52500000e+00  1.74599158e+00  1.52500000e+00  1.04768179e-01  1.52500000e+00  4.05803334e+00  1.52500000e+00  6.41236915e-01 
 1.53000000e+00  8.89315071e+01  1.53000000e+00  1.73375820e+00  1.53000000e+00  1.06108718e-01  1.53000000e+00  4.06209236e+00  1.53000000e+00  6.43981548e-01 
 1.53500000e+00  8.96821192e+01  1.53500000e+00  1.72162720e+00  1.53500000e+00  1.07478642e-01  1.53500000e+00  4.06592479e+00  1.53500000e+00  6.46724834e-01 
 1.54000000e+00  9.04336795e+01  1.54000000e+00  1.70959647e+00  1.54000000e+00  1.08878661e-01  1.54000000e+00  4.06952837e+00  1.54000000e+00  6.49466825e-01 
 1.54500000e+00  9.11861511e+01  1.54500000e+00  1.69766394e+00  1.54500000e+00  1.10309502e-01  1.54500000e+00  4.07290081e+00  1.54500000e+00  6.52207574e-01 
 1.55000000e+00  9.19394964e+01  1.55000000e+00  1.68582757e+00  1.55000000e+00  1.11771907e-01  1.55000000e+00  4.07603973e+00  1.55000000e+00  6.54947131e-01 
 1.55500000e+00  9.26936778e+01  1.55500000e+00  1.67408532e+00  1.55500000e+00  1.13266635e-01  1.55500000e+00  4.07894272e+00  1.55500000e+00  6.57685550e-01 
 1.56000000e+00  9.34486573e+01  1.56000000e+00  1.66243521e+00  1.56000000e+00  1.14794461e-01  1.56000000e+00  4.08160730e+00  1.56000000e+00  6.60422881e-01 
 1.56500000e+00  9.42043964e+01  1.56500000e+00  1.65087526e+00  1.56500000e+00  1.16356176e-01  1.56500000e+00  4.08403094e+00  1.56500000e+00  6.63159175e-01 
 1.57000000e+00  9.49608565e+01  1.57000000e+00  1.63940352e+00  1.57000000e+00  1.17952588e-01  1.57000000e+00  4.08621104e+00  1.57000000e+00  6.65894484e-01 
 1.57500000e+00  9.57179985e+01  1.57500000e+00  1.62801806e+00  1.57500000e+00  1.19584521e-01  1.57500000e+00  4.08814496e+00  1.57500000e+00  6.68628859e-01 
 1.58000000e+00  9.64757828e+01  1.58000000e+00  1.61671697e+00  1.58000000e+00  1.21252813e-01  1.58000000e+00  4.08982999e+00  1.58000000e+00  6.71362351e-01 
 1.58500000e+00  9.72341698e+01  1.58500000e+00  1.60549838e+00  1.58500000e+00  1.22958318e-01  1.58500000e+00  4.09126338e+00  1.58500000e+00  6.74095010e-01 
 1.59000000e+00  9.79931191e+01  1.59000000e+00  1.59436042e+00  1.59000000e+00  1.24701908e-01  1.59000000e+00  4.09244233e+00  1.59000000e+00  6.76826887e-01 
 1.59500000e+00  9.87525901e+01  1.59500000e+00  1.58330124e+00  1.59500000e+00  1.26484465e-01  1.59500000e+00  4.09336397e+00  1.59500000e+00  6.79558031e-01 
 1.60000000e+00  9.95125418e+01  1.60000000e+00  1.57231903e+00  1.60000000e+00  1.28306888e-01  1.60000000e+00  4.09402542e+00  1.60000000e+00  6.82288494e-01 
 1.60500000e+00  1.00272933e+02  1.60500000e+00  1.56141198e+00  1.60500000e+00  1.30170088e-01  1.60500000e+00  4.09442373e+00  1.60500000e+00  6.85018324e-01 
 1.61000000e+00  1.01033721e+02  1.61000000e+00  1.55057830e+00  1.61000000e+00  1.32074991e-01  1.61000000e+00  4.09455591e+00  1.61000000e+00  6.87747572e-01 
 1.61500000e+00  1.01794864e+02  1.61500000e+00  1.53981625e+00  1.61500000e+00  1.34022534e-01  1.61500000e+00  4.09441893e+00  1.61500000e+00  6.90476288e-01 
 1.62000000e+00  1.02556319e+02  1.62000000e+00  1.52912407e+00  1.62000000e+00  1.36013662e-01  1.62000000e+00  4.09400976e+00  1.62000000e+00  6.93204519e-01 
 1.62500000e+00  1.03318044e+02  1.62500000e+00  1.51850004e+00  1.62500000e+00  1.38049336e-01  1.62500000e+00  4.09332529e+00  1.62500000e+00  6.95932317e-01 
 1.63000000e+00  1.04079993e+02  1.63000000e+00  1.50794246e+00  1.63000000e+00  1.40130521e-01  1.63000000e+00  4.09236242e+00  1.63000000e+00  6.98659728e-01 
 1.63500000e+00  1.04842123e+02  1.63500000e+00  1.49744965e+00  1.63500000e+00  1.42258193e-01  1.63500000e+00  4.09111802e+00  1.63500000e+00  7.01386804e-01 
 1.64000000e+00  1.05604389e+02  1.64000000e+00  1.48701994e+00  1.64000000e+00  1.44433332e-01  1.64000000e+00  4.08958894e+00  1.64000000e+00  7.04113591e-01 
 1.64500000e+00  1.06366746e+02  1.64500000e+00  1.47665170e+00  1.64500000e+00  1.46656924e-01  1.64500000e+00  4.08777204e+00  1.64500000e+00  7.06840139e-01 
 1.65000000e+00  1.07129149e+02  1.65000000e+00  1.46634330e+00  1.65000000e+00  1.48929959e-01  1.65000000e+00  4.08566415e+00  1.65000000e+00  7.09566496e-01 
 1.65500000e+00  1.07891550e+02  1.65500000e+00  1.45609315e+00  1.65500000e+00  1.51253426e-01  1.65500000e+00  4.08326214e+00  1.65500000e+00  7.12292710e-01 
 1.66000000e+00  1.08653903e+02  1.66000000e+00  1.44589967e+00  1.66000000e+00  1.53628315e-01  1.66000000e+00  4.08056285e+00  1.66000000e+00  7.15018829e-01 
 1.66500000e+00  1.09416161e+02  1.66500000e+00  1.43576132e+00  1.66500000e+00  1.56055613e-01  1.66500000e+00  4.07756318e+00  1.66500000e+00  7.17744900e-01 
 1.67000000e+00  1.10178276e+02  1.67000000e+00  1.42567656e+00  1.67000000e+00  1.58536301e-01  1.67000000e+00  4.07426004e+00  1.67000000e+00  7.20470972e-01 
 1.67500000e+00  1.10940200e+02  1.67500000e+00  1.41564390e+00  1.67500000e+00  1.61071354e-01  1.67500000e+00  4.07065037e+00  1.67500000e+00  7.23197092e-01 
 1.68000000e+00  1.11701883e+02  1.68000000e+00  1.40566185e+00  1.68000000e+00  1.63661733e-01  1.68000000e+00  4.06673118e+00  1.68000000e+00  7.25923307e-01 
 1.68500000e+00  1.12463276e+02  1.68500000e+00  1.39572898e+00  1.68500000e+00  1.66308390e-01  1.68500000e+00  4.06249953e+00  1.68500000e+00  7.28649664e-01 
 1.69000000e+00  1.13224330e+02  1.69000000e+00  1.38584387e+00  1.69000000e+00  1.69012257e-01  1.69000000e+00  4.05795253e+00  1.69000000e+00  7.31376210e-01 
 1.69500000e+00  1.13984993e+02  1.69500000e+00  1.37600513e+00  1.69500000e+00  1.71774247e-01  1.69500000e+00  4.05308739e+00  1.69500000e+00  7.34102992e-01 
 1.70000000e+00  1.14745214e+02  1.70000000e+00  1.36621140e+00  1.70000000e+00  1.74595251e-01  1.70000000e+00  4.04790141e+00  1.70000000e+00  7.36830056e-01 
 1.70500000e+00  1.15504943e+02  1.70500000e+00  1.35646138e+00  1.70500000e+00  1.77476132e-01  1.70500000e+00  4.04239199e+00  1.70500000e+00  7.39557449e-01 
 1.71000000e+00  1.16264126e+02  1.71000000e+00  1.34675377e+00  1.71000000e+00  1.80417720e-01  1.71000000e+00  4.03655664e+00  1.71000000e+00  7.42285217e-01 
 1.71500000e+00  1.17022711e+02  1.71500000e+00  1.33708732e+00  1.71500000e+00  1.83420814e-01  1.71500000e+00  4.03039303e+00  1.71500000e+00  7.45013407e-01 
 1.72000000e+00  1.17780646e+02  1.72000000e+00  1.32746084e+00  1.72000000e+00  1.86486170e-01  1.72000000e+00  4.02389893e+00  1.72000000e+00  7.47742064e-01 
 1.72500000e+00  1.18537875e+02  1.72500000e+00  1.31787316e+00  1.72500000e+00  1.89614501e-01  1.72500000e+00  4.01707229e+00  1.72500000e+00  7.50471233e-01 
 1.73000000e+00  1.19294346e+02  1.73000000e+00  1.30832316e+00  1.73000000e+00  1.92806473e-01  1.73000000e+00  4.00991125e+00  1.73000000e+00  7.53200962e-01 
 1.73500000e+00  1.20050003e+02  1.73500000e+00  1.29880977e+00  1.73500000e+00  1.96062697e-01  1.73500000e+00  4.00241412e+00  1.73500000e+00  7.55931294e-01 
 1.74000000e+00  1.20804792e+02  1.74000000e+00  1.28933196e+00  1.74000000e+00  1.99383726e-01  1.74000000e+00  3.99457940e+00  1.74000000e+00  7.58662275e-01 
 1.74500000e+00  1.21558657e+02  1.74500000e+00  1.27988875e+00  1.74500000e+00  2.02770049e-01  1.74500000e+00  3.98640584e+00  1.74500000e+00  7.61393951e-01 
 1.75000000e+00  1.22311542e+02  1.75000000e+00  1.27047924e+00  1.75000000e+00  2.06222088e-01  1.75000000e+00  3.97789241e+00  1.75000000e+00  7.64126365e-01 
 1.75500000e+00  1.23063392e+02  1.75500000e+00  1.26110256e+00  1.75500000e+00  2.09740191e-01  1.75500000e+00  3.96903831e+00  1.75500000e+00  7.66859564e-01 
 1.76000000e+00  1.23814148e+02  1.76000000e+00  1.25175790e+00  1.76000000e+00  2.13324626e-01  1.76000000e+00  3.95984304e+00  1.76000000e+00  7.69593591e-01 
 1.76500000e+00  1.24563756e+02  1.76500000e+00  1.24244453e+00  1.76500000e+00  2.16975577e-01  1.76500000e+00  3.95030636e+00  1.76500000e+00  7.72328491e-01 
 1.77000000e+00  1.25312157e+02  1.77000000e+00  1.23316175e+00  1.77000000e+00  2.20693141e-01  1.77000000e+00  3.94042832e+00  1.77000000e+00  7.75064308e-01 
 1.77500000e+00  1.26059294e+02  1.77500000e+00  1.22390897e+00  1.77500000e+00  2.24477315e-01  1.77500000e+00  3.93020932e+00  1.77500000e+00  7.77801086e-01 
 1.78000000e+00  1.26805109e+02  1.78000000e+00  1.21468563e+00  1.78000000e+00  2.28328003e-01  1.78000000e+00  3.91965003e+00  1.78000000e+00  7.80538868e-01 
 1.78500000e+00  1.27549546e+02  1.78500000e+00  1.20549126e+00  1.78500000e+00  2.32244999e-01  1.78500000e+00  3.90875151e+00  1.78500000e+00  7.83277699e-01 
 1.79000000e+00  1.28292546e+02  1.79000000e+00  1.19632547e+00  1.79000000e+00  2.36227991e-01  1.79000000e+00  3.89751514e+00  1.79000000e+00  7.86017622e-01 
 1.79500000e+00  1.29034052e+02  1.79500000e+00  1.18718791e+00  1.79500000e+00  2.40276552e-01  1.79500000e+00  3.88594267e+00  1.79500000e+00  7.88758680e-01 
 1.80000000e+00  1.29774005e+02  1.80000000e+00  1.17807835e+00  1.80000000e+00  2.44390137e-01  1.80000000e+00  3.87403624e+00  1.80000000e+00  7.91500916e-01 
