 0.00000000e+00  1.51195723e-07  0.00000000e+00  1.05531233e+01  0.00000000e+00  2.17294457e-01  0.00000000e+00  4.18022305e-07  0.00000000e+00  4.09975791e-02 
 5.00000000e-03  1.59726399e-07  5.00000000e-03  1.14048712e+01  5.00000000e-03  2.34254532e-01  5.00000000e-03  4.78179526e-07  5.00000000e-03  4.09975793e-02 
 1.00000000e-02  1.69465830e-07  1.00000000e-02  1.22724348e+01  1.00000000e-02  2.51452392e-01  1.00000000e-02  5.46968255e-07  1.00000000e-02  4.09975796e-02 
 1.50000000e-02  1.80584714e-07  1.50000000e-02  1.31485195e+01  1.50000000e-02  2.68736559e-01  1.50000000e-02  6.25622391e-07  1.50000000e-02  4.09975799e-02 
 2.00000000e-02  1.93278726e-07  2.00000000e-02  1.40254840e+01  2.00000000e-02  2.85949964e-01  2.00000000e-02  7.15551387e-07  2.00000000e-02  4.09975802e-02 
 2.50000000e-02  2.07772688e-07  2.50000000e-02  1.48955513e+01  2.50000000e-02  3.02934327e-01  2.50000000e-02  8.18365074e-07  2.50000000e-02  4.09975805e-02 
 3.00000000e-02  2.24319174e-07  3.00000000e-02  1.57514580e+01  3.00000000e-02  3.19543363e-01  3.00000000e-02  9.35901968e-07  3.00000000e-02  4.09975809e-02 
 3.50000000e-02  2.43209619e-07  3.50000000e-02  1.65862210e+01  3.50000000e-02  3.35637937e-01  3.50000000e-02  1.07026154e-06  3.50000000e-02  4.09975814e-02 
 4.00000000e-02  2.64775701e-07  4.00000000e-02  1.73936190e+01  4.00000000e-02  3.51095702e-01  4.00000000e-02  1.22384098e-06  4.00000000e-02  4.09975820e-02 
 4.50000000e-02  2.89397672e-07  4.50000000e-02  1.81681916e+01  4.50000000e-02  3.65810893e-01  4.50000000e-02  1.39937716e-06  4.50000000e-02  4.09975826e-02 
 5.00000000e-02  3.17507132e-07  5.00000000e-02  1.89056055e+01  5.00000000e-02  3.79701490e-01  5.00000000e-02  1.59999434e-06  5.00000000e-02  4.09975833e-02 
 5.50000000e-02  3.49599516e-07  5.50000000e-02  1.96023975e+01  5.50000000e-02  3.92703780e-01  5.50000000e-02  1.82925863e-06  5.50000000e-02  4.09975841e-02 
 6.00000000e-02  3.86238264e-07  6.00000000e-02  2.02562552e+01  6.00000000e-02  4.04777748e-01  6.00000000e-02  2.09123992e-06  6.00000000e-02  4.09975850e-02 
 6.50000000e-02  4.28065916e-07  6.50000000e-02  2.08658772e+01  6.50000000e-02  4.15904001e-01  6.50000000e-02  2.39058251e-06  6.50000000e-02  4.09975860e-02 
 7.00000000e-02  4.75820772e-07  7.00000000e-02  2.14306347e+01  7.00000000e-02  4.26076777e-01  7.00000000e-02  2.73258542e-06  7.00000000e-02  4.09975872e-02 
 7.50000000e-02  5.30335498e-07  7.50000000e-02  2.19511382e+01  7.50000000e-02  4.35315022e-01  7.50000000e-02  3.12329387e-06  7.50000000e-02  4.09975885e-02 
 8.00000000e-02  5.92574600e-07  8.00000000e-02  2.24280788e+01  8.00000000e-02  4.43639150e-01  8.00000000e-02  3.56960336e-06  8.00000000e-02  4.09975901e-02 
 8.50000000e-02  6.63628874e-07  8.50000000e-02  2.28631000e+01  8.50000000e-02  4.51088229e-01  8.50000000e-02  4.07937809e-06  8.50000000e-02  4.09975918e-02 
 9.00000000e-02  7.44744544e-07  9.00000000e-02  2.32582011e+01  9.00000000e-02  4.57707994e-01  9.00000000e-02  4.66158564e-06  9.00000000e-02  4.09975938e-02 
 9.50000000e-02  8.37349634e-07  9.50000000e-02  2.36155089e+01  9.50000000e-02  4.63546274e-01  9.50000000e-02  5.32645014e-06  9.50000000e-02  4.09975961e-02 
 1.00000000e-01  9.43067846e-07  1.00000000e-01  2.39375315e+01  1.00000000e-01  4.68657942e-01  1.00000000e-01  6.08562642e-06  1.00000000e-01  4.09975988e-02 
 1.05000000e-01  1.06375742e-06  1.05000000e-01  2.42267498e+01  1.05000000e-01  4.73096823e-01  1.05000000e-01  6.95239787e-06  1.05000000e-01  4.09976018e-02 
 1.10000000e-01  1.20153471e-06  1.10000000e-01  2.44857832e+01  1.10000000e-01  4.76918946e-01  1.10000000e-01  7.94190132e-06  1.10000000e-01  4.09976052e-02 
 1.15000000e-01  1.35882139e-06  1.15000000e-01  2.47170950e+01  1.15000000e-01  4.80176772e-01  1.15000000e-01  9.07138246e-06  1.15000000e-01  4.09976091e-02 
 1.20000000e-01  1.53837915e-06  1.20000000e-01  2.49231311e+01  1.20000000e-01  4.82921935e-01  1.20000000e-01  1.03604858e-05  1.20000000e-01  4.09976135e-02 
 1.25000000e-01  1.74335546e-06  1.25000000e-01  2.51062997e+01  1.25000000e-01  4.85204838e-01  1.25000000e-01  1.18315841e-05  1.25000000e-01  4.09976186e-02 
 1.30000000e-01  1.97734884e-06  1.30000000e-01  2.52687799e+01  1.30000000e-01  4.87070990e-01  1.30000000e-01  1.35101516e-05  1.30000000e-01  4.09976244e-02 
 1.35000000e-01  2.24446711e-06  1.35000000e-01  2.54126070e+01  1.35000000e-01  4.88562691e-01  1.35000000e-01  1.54251883e-05  1.35000000e-01  4.09976310e-02 
 1.40000000e-01  2.54939403e-06  1.40000000e-01  2.55397192e+01  1.40000000e-01  4.89719973e-01  1.40000000e-01  1.76097002e-05  1.40000000e-01  4.09976386e-02 
 1.45000000e-01  2.89747809e-06  1.45000000e-01  2.56518660e+01  1.45000000e-01  4.90578869e-01  1.45000000e-01  2.01012448e-05  1.45000000e-01  4.09976472e-02 
 1.50000000e-01  3.29482136e-06  1.50000000e-01  2.57506625e+01  1.50000000e-01  4.91172497e-01  1.50000000e-01  2.29425477e-05  1.50000000e-01  4.09976570e-02 
 1.55000000e-01  3.74839326e-06  1.55000000e-01  2.58375345e+01  1.55000000e-01  4.91530050e-01  1.55000000e-01  2.61822031e-05  1.55000000e-01  4.09976683e-02 
 1.60000000e-01  4.26614022e-06  1.60000000e-01  2.59138214e+01  1.60000000e-01  4.91678795e-01  1.60000000e-01  2.98754651e-05  1.60000000e-01  4.09976811e-02 
 1.65000000e-01  4.85713830e-06  1.65000000e-01  2.59806815e+01  1.65000000e-01  4.91642307e-01  1.65000000e-01  3.40851448e-05  1.65000000e-01  4.09976958e-02 
 1.70000000e-01  5.53174034e-06  1.70000000e-01  2.60391794e+01  1.70000000e-01  4.91442160e-01  1.70000000e-01  3.88826249e-05  1.70000000e-01  4.09977125e-02 
 1.75000000e-01  6.30175911e-06  1.75000000e-01  2.60902700e+01  1.75000000e-01  4.91097653e-01  1.75000000e-01  4.43490067e-05  1.75000000e-01  4.09977316e-02 
 1.80000000e-01  7.18068244e-06  1.80000000e-01  2.61347713e+01  1.80000000e-01  4.90625326e-01  1.80000000e-01  5.05764079e-05  1.80000000e-01  4.09977534e-02 
 1.85000000e-01  8.18388551e-06  1.85000000e-01  2.61734640e+01  1.85000000e-01  4.90040861e-01  1.85000000e-01  5.76694283e-05  1.85000000e-01  4.09977782e-02 
 1.90000000e-01  9.32892930e-06  1.90000000e-01  2.62069827e+01  1.90000000e-01  4.89357056e-01  1.90000000e-01  6.57468060e-05  1.90000000e-01  4.09978066e-02 
 1.95000000e-01  1.06358394e-05  1.95000000e-01  2.62359213e+01  1.95000000e-01  4.88585830e-01  1.95000000e-01  7.49432869e-05  1.95000000e-01  4.09978390e-02 
 2.00000000e-01  1.21274671e-05  2.00000000e-01  2.62607940e+01  2.00000000e-01  4.87737507e-01  2.00000000e-01  8.54117349e-05  2.00000000e-01  4.09978760e-02 
 2.05000000e-01  1.38298775e-05  2.05000000e-01  2.62820632e+01  2.05000000e-01  4.86821351e-01  2.05000000e-01  9.73255127e-05  2.05000000e-01  4.09979182e-02 
 2.10000000e-01  1.57728150e-05  2.10000000e-01  2.63001183e+01  2.10000000e-01  4.85845193e-01  2.10000000e-01  1.10881165e-04  2.10000000e-01  4.09979663e-02 
 2.15000000e-01  1.79902079e-05  2.15000000e-01  2.63153057e+01  2.15000000e-01  4.84815998e-01  2.15000000e-01  1.26301443e-04  2.15000000e-01  4.09980213e-02 
 2.20000000e-01  2.05207532e-05  2.20000000e-01  2.63279352e+01  2.20000000e-01  4.83739995e-01  2.20000000e-01  1.43838712e-04  2.20000000e-01  4.09980840e-02 
 2.25000000e-01  2.34085931e-05  2.25000000e-01  2.63382709e+01  2.25000000e-01  4.82622521e-01  2.25000000e-01  1.63778790e-04  2.25000000e-01  4.09981556e-02 
 2.30000000e-01  2.67040695e-05  2.30000000e-01  2.63465475e+01  2.30000000e-01  4.81468327e-01  2.30000000e-01  1.86445257e-04  2.30000000e-01  4.09982372e-02 
 2.35000000e-01  3.04646031e-05  2.35000000e-01  2.63529604e+01  2.35000000e-01  4.80281413e-01  2.35000000e-01  2.12204321e-04  2.35000000e-01  4.09983304e-02 
 2.40000000e-01  3.47556706e-05  2.40000000e-01  2.63576826e+01  2.40000000e-01  4.79065337e-01  2.40000000e-01  2.41470267e-04  2.40000000e-01  4.09984368e-02 
 2.45000000e-01  3.96519317e-05  2.45000000e-01  2.63608644e+01  2.45000000e-01  4.77823219e-01  2.45000000e-01  2.74711596e-04  2.45000000e-01  4.09985581e-02 
 2.50000000e-01  4.52385227e-05  2.50000000e-01  2.63626280e+01  2.50000000e-01  4.76557650e-01  2.50000000e-01  3.12457913e-04  2.50000000e-01  4.09986966e-02 
 2.55000000e-01  5.16124934e-05  2.55000000e-01  2.63630839e+01  2.55000000e-01  4.75270998e-01  2.55000000e-01  3.55307658e-04  2.55000000e-01  4.09988546e-02 
 2.60000000e-01  5.88844890e-05  2.60000000e-01  2.63623202e+01  2.60000000e-01  4.73965209e-01  2.60000000e-01  4.03936777e-04  2.60000000e-01  4.09990348e-02 
 2.65000000e-01  6.71806305e-05  2.65000000e-01  2.63604093e+01  2.65000000e-01  4.72641948e-01  2.65000000e-01  4.59108456e-04  2.65000000e-01  4.09992404e-02 
 2.70000000e-01  7.66446601e-05  2.70000000e-01  2.63574118e+01  2.70000000e-01  4.71302661e-01  2.70000000e-01  5.21684014e-04  2.70000000e-01  4.09994749e-02 
 2.75000000e-01  8.74403855e-05  2.75000000e-01  2.63533766e+01  2.75000000e-01  4.69948583e-01  2.75000000e-01  5.92635116e-04  2.75000000e-01  4.09997425e-02 
 2.80000000e-01  9.97544741e-05  2.80000000e-01  2.63483374e+01  2.80000000e-01  4.68580684e-01  2.80000000e-01  6.73057439e-04  2.80000000e-01  4.10000476e-02 
 2.85000000e-01  1.13799588e-04  2.85000000e-01  2.63423218e+01  2.85000000e-01  4.67199828e-01  2.85000000e-01  7.64185968e-04  2.85000000e-01  4.10003957e-02 
 2.90000000e-01  1.29817990e-04  2.90000000e-01  2.63353465e+01  2.90000000e-01  4.65806695e-01  2.90000000e-01  8.67412091e-04  2.90000000e-01  4.10007927e-02 
 2.95000000e-01  1.48085620e-04  2.95000000e-01  2.63274194e+01  2.95000000e-01  4.64401821e-01  2.95000000e-01  9.84302713e-04  2.95000000e-01  4.10012453e-02 
 3.00000000e-01  1.68916721e-04  3.00000000e-01  2.63185417e+01  3.00000000e-01  4.62985632e-01  3.00000000e-01  1.11662160e-03  3.00000000e-01  4.10017615e-02 
 3.05000000e-01  1.92669103e-04  3.05000000e-01  2.63087066e+01  3.05000000e-01  4.61558431e-01  3.05000000e-01  1.26635321e-03  3.05000000e-01  4.10023501e-02 
 3.10000000e-01  2.19750110e-04  3.10000000e-01  2.62979007e+01  3.10000000e-01  4.60120419e-01  3.10000000e-01  1.43572927e-03  3.10000000e-01  4.10030211e-02 
 3.15000000e-01  2.50623379e-04  3.15000000e-01  2.62861056e+01  3.15000000e-01  4.58671726e-01  3.15000000e-01  1.62725841e-03  3.15000000e-01  4.10037861e-02 
 3.20000000e-01  2.85816530e-04  3.20000000e-01  2.62732962e+01  3.20000000e-01  4.57212386e-01  3.20000000e-01  1.84375920e-03  3.20000000e-01  4.10046581e-02 
 3.25000000e-01  3.25929861e-04  3.25000000e-01  2.62594421e+01  3.25000000e-01  4.55742361e-01  3.25000000e-01  2.08839689e-03  3.25000000e-01  4.10056519e-02 
 3.30000000e-01  3.71646201e-04  3.30000000e-01  2.62445082e+01  3.30000000e-01  4.54261549e-01  3.30000000e-01  2.36472436e-03  3.30000000e-01  4.10067845e-02 
 3.35000000e-01  4.23742084e-04  3.35000000e-01  2.62284541e+01  3.35000000e-01  4.52769782e-01  3.35000000e-01  2.67672755e-03  3.35000000e-01  4.10080751e-02 
 3.40000000e-01  4.83100367e-04  3.40000000e-01  2.62112353e+01  3.40000000e-01  4.51266843e-01  3.40000000e-01  3.02887611e-03  3.40000000e-01  4.10095455e-02 
 3.45000000e-01  5.50724527e-04  3.45000000e-01  2.61928028e+01  3.45000000e-01  4.49752460e-01  3.45000000e-01  3.42617940e-03  3.45000000e-01  4.10112205e-02 
 3.50000000e-01  6.27754827e-04  3.50000000e-01  2.61731033e+01  3.50000000e-01  4.48226311e-01  3.50000000e-01  3.87424888e-03  3.50000000e-01  4.10131283e-02 
 3.55000000e-01  7.15486559e-04  3.55000000e-01  2.61520796e+01  3.55000000e-01  4.46688034e-01  3.55000000e-01  4.37936707e-03  3.55000000e-01  4.10153010e-02 
 3.60000000e-01  8.15390658e-04  3.60000000e-01  2.61296710e+01  3.60000000e-01  4.45137222e-01  3.60000000e-01  4.94856404e-03  3.60000000e-01  4.10177748e-02 
 3.65000000e-01  9.29136953e-04  3.65000000e-01  2.61058133e+01  3.65000000e-01  4.43573440e-01  3.65000000e-01  5.58970206e-03  3.65000000e-01  4.10205911e-02 
 3.70000000e-01  1.05862041e-03  3.70000000e-01  2.60804386e+01  3.70000000e-01  4.41996210e-01  3.70000000e-01  6.31156914e-03  3.70000000e-01  4.10237964e-02 
 3.75000000e-01  1.20599068e-03  3.75000000e-01  2.60534764e+01  3.75000000e-01  4.40405026e-01  3.75000000e-01  7.12398248e-03  3.75000000e-01  4.10274440e-02 
 3.80000000e-01  1.37368533e-03  3.80000000e-01  2.60248533e+01  3.80000000e-01  4.38799355e-01  3.80000000e-01  8.03790254e-03  3.80000000e-01  4.10315939e-02 
 3.85000000e-01  1.56446733e-03  3.85000000e-01  2.59944934e+01  3.85000000e-01  4.37178635e-01  3.85000000e-01  9.06555891e-03  3.85000000e-01  4.10363140e-02 
 3.90000000e-01  1.78146710e-03  3.90000000e-01  2.59623188e+01  3.90000000e-01  4.35542286e-01  3.90000000e-01  1.02205889e-02  3.90000000e-01  4.10416815e-02 
 3.95000000e-01  2.02822975e-03  3.95000000e-01  2.59282500e+01  3.95000000e-01  4.33889708e-01  3.95000000e-01  1.15181902e-02  3.95000000e-01  4.10477835e-02 
 4.00000000e-01  2.30876812e-03  4.00000000e-01  2.58922060e+01  4.00000000e-01  4.32220282e-01  4.00000000e-01  1.29752887e-02  4.00000000e-01  4.10547185e-02 
 4.05000000e-01  2.62762223e-03  4.05000000e-01  2.58541055e+01  4.05000000e-01  4.30533381e-01  4.05000000e-01  1.46107223e-02  4.05000000e-01  4.10625979e-02 
 4.10000000e-01  2.98992581e-03  4.10000000e-01  2.58138668e+01  4.10000000e-01  4.28828367e-01  4.10000000e-01  1.64454438e-02  4.10000000e-01  4.10715473e-02 
 4.15000000e-01  3.40148088e-03  4.15000000e-01  2.57714090e+01  4.15000000e-01  4.27104598e-01  4.15000000e-01  1.85027424e-02  4.15000000e-01  4.10817085e-02 
 4.20000000e-01  3.86884093e-03  4.20000000e-01  2.57266524e+01  4.20000000e-01  4.25361434e-01  4.20000000e-01  2.08084863e-02  4.20000000e-01  4.10932416e-02 
 4.25000000e-01  4.39940395e-03  4.25000000e-01  2.56795198e+01  4.25000000e-01  4.23598237e-01  4.25000000e-01  2.33913889e-02  4.25000000e-01  4.11063265e-02 
 4.30000000e-01  5.00151620e-03  4.30000000e-01  2.56299369e+01  4.30000000e-01  4.21814380e-01  4.30000000e-01  2.62832996e-02  4.30000000e-01  4.11211659e-02 
 4.35000000e-01  5.68458777e-03  4.35000000e-01  2.55778336e+01  4.35000000e-01  4.20009250e-01  4.35000000e-01  2.95195217e-02  4.35000000e-01  4.11379877e-02 
 4.40000000e-01  6.45922135e-03  4.40000000e-01  2.55231454e+01  4.40000000e-01  4.18182256e-01  4.40000000e-01  3.31391600e-02  4.40000000e-01  4.11570479e-02 
 4.45000000e-01  7.33735536e-03  4.45000000e-01  2.54658142e+01  4.45000000e-01  4.16332831e-01  4.45000000e-01  3.71855001e-02  4.45000000e-01  4.11786335e-02 
 4.50000000e-01  8.33242313e-03  4.50000000e-01  2.54057898e+01  4.50000000e-01  4.14460440e-01  4.50000000e-01  4.17064233e-02  4.50000000e-01  4.12030664e-02 
 4.55000000e-01  9.45952944e-03  4.55000000e-01  2.53430314e+01  4.55000000e-01  4.12564587e-01  4.55000000e-01  4.67548593e-02  4.55000000e-01  4.12307066e-02 
 4.60000000e-01  1.07356465e-02  4.60000000e-01  2.52775090e+01  4.60000000e-01  4.10644817e-01  4.60000000e-01  5.23892818e-02  4.60000000e-01  4.12619567e-02 
 4.65000000e-01  1.21798312e-02  4.65000000e-01  2.52092047e+01  4.65000000e-01  4.08700723e-01  4.65000000e-01  5.86742492e-02  4.65000000e-01  4.12972660e-02 
 4.70000000e-01  1.38134656e-02  4.70000000e-01  2.51381145e+01  4.70000000e-01  4.06731952e-01  4.70000000e-01  6.56809975e-02  4.70000000e-01  4.13371351e-02 
 4.75000000e-01  1.56605229e-02  4.75000000e-01  2.50642497e+01  4.75000000e-01  4.04738208e-01  4.75000000e-01  7.34880890e-02  4.75000000e-01  4.13821213e-02 
 4.80000000e-01  1.77478623e-02  4.80000000e-01  2.49876383e+01  4.80000000e-01  4.02719252e-01  4.80000000e-01  8.21821245e-02  4.80000000e-01  4.14328435e-02 
 4.85000000e-01  2.01055548e-02  4.85000000e-01  2.49083262e+01  4.85000000e-01  4.00674909e-01  4.85000000e-01  9.18585243e-02  4.85000000e-01  4.14899878e-02 
 4.90000000e-01  2.27672426e-02  4.90000000e-01  2.48263784e+01  4.90000000e-01  3.98605063e-01  4.90000000e-01  1.02622388e-01  4.90000000e-01  4.15543139e-02 
 4.95000000e-01  2.57705371e-02  4.95000000e-01  2.47418799e+01  4.95000000e-01  3.96509655e-01  4.95000000e-01  1.14589442e-01  4.95000000e-01  4.16266605e-02 
 5.00000000e-01  2.91574588e-02  5.00000000e-01  2.46549357e+01  5.00000000e-01  3.94388680e-01  5.00000000e-01  1.27887081e-01  5.00000000e-01  4.17079520e-02 
 5.05000000e-01  3.29749221e-02  5.05000000e-01  2.45656715e+01  5.05000000e-01  3.92242177e-01  5.05000000e-01  1.42655517e-01  5.05000000e-01  4.17992048e-02 
 5.10000000e-01  3.72752723e-02  5.10000000e-01  2.44742326e+01  5.10000000e-01  3.90070217e-01  5.10000000e-01  1.59049053e-01  5.10000000e-01  4.19015338e-02 
 5.15000000e-01  4.21168774e-02  5.15000000e-01  2.43807827e+01  5.15000000e-01  3.87872887e-01  5.15000000e-01  1.77237478e-01  5.15000000e-01  4.20161584e-02 
 5.20000000e-01  4.75647828e-02  5.20000000e-01  2.42855020e+01  5.20000000e-01  3.85650272e-01  5.20000000e-01  1.97407609e-01  5.20000000e-01  4.21444090e-02 
 5.25000000e-01  5.36914335e-02  5.25000000e-01  2.41885841e+01  5.25000000e-01  3.83402430e-01  5.25000000e-01  2.19764988e-01  5.25000000e-01  4.22877328e-02 
 5.30000000e-01  6.05774715e-02  5.30000000e-01  2.40902321e+01  5.30000000e-01  3.81129360e-01  5.30000000e-01  2.44535730e-01  5.30000000e-01  4.24476989e-02 
 5.35000000e-01  6.83126152e-02  5.35000000e-01  2.39906534e+01  5.35000000e-01  3.78830974e-01  5.35000000e-01  2.71968550e-01  5.35000000e-01  4.26260032e-02 
 5.40000000e-01  7.69966287e-02  5.40000000e-01  2.38900534e+01  5.40000000e-01  3.76507055e-01  5.40000000e-01  3.02336944e-01  5.40000000e-01  4.28244717e-02 
 5.45000000e-01  8.67403875e-02  5.45000000e-01  2.37886284e+01  5.45000000e-01  3.74157219e-01  5.45000000e-01  3.35941539e-01  5.45000000e-01  4.30450638e-02 
 5.50000000e-01  9.76670493e-02  5.50000000e-01  2.36865566e+01  5.50000000e-01  3.71780872e-01  5.50000000e-01  3.73112580e-01  5.50000000e-01  4.32898730e-02 
 5.55000000e-01  1.09913335e-01  5.55000000e-01  2.35839890e+01  5.55000000e-01  3.69377166e-01  5.55000000e-01  4.14212535e-01  5.55000000e-01  4.35611268e-02 
 5.60000000e-01  1.23630930e-01  5.60000000e-01  2.34810387e+01  5.60000000e-01  3.66944954e-01  5.60000000e-01  4.59638779e-01  5.60000000e-01  4.38611847e-02 
 5.65000000e-01  1.38987997e-01  5.65000000e-01  2.33777699e+01  5.65000000e-01  3.64482758e-01  5.65000000e-01  5.09826279e-01  5.65000000e-01  4.41925336e-02 
 5.70000000e-01  1.56170828e-01  5.70000000e-01  2.32741871e+01  5.70000000e-01  3.61988726e-01  5.70000000e-01  5.65250227e-01  5.70000000e-01  4.45577814e-02 
 5.75000000e-01  1.75385595e-01  5.75000000e-01  2.31702236e+01  5.75000000e-01  3.59460616e-01  5.75000000e-01  6.26428490e-01  5.75000000e-01  4.49596475e-02 
 5.80000000e-01  1.96860238e-01  5.80000000e-01  2.30657315e+01  5.80000000e-01  3.56895778e-01  5.80000000e-01  6.93923776e-01  5.80000000e-01  4.54009511e-02 
 5.85000000e-01  2.20846435e-01  5.85000000e-01  2.29604730e+01  5.85000000e-01  3.54291159e-01  5.85000000e-01  7.68345344e-01  5.85000000e-01  4.58845960e-02 
 5.90000000e-01  2.47621677e-01  5.90000000e-01  2.28541133e+01  5.90000000e-01  3.51643321e-01  5.90000000e-01  8.50350107e-01  5.90000000e-01  4.64135525e-02 
 5.95000000e-01  2.77491385e-01  5.95000000e-01  2.27462164e+01  5.95000000e-01  3.48948482e-01  5.95000000e-01  9.40642912e-01  5.95000000e-01  4.69908364e-02 
 6.00000000e-01  3.10791067e-01  6.00000000e-01  2.26362440e+01  6.00000000e-01  3.46202581e-01  6.00000000e-01  1.03997581e+00  6.00000000e-01  4.76194850e-02 
 6.05000000e-01  3.47888451e-01  6.05000000e-01  2.25235582e+01  6.05000000e-01  3.43401355e-01  6.05000000e-01  1.14914610e+00  6.05000000e-01  4.83025296e-02 
 6.10000000e-01  3.89185551e-01  6.10000000e-01  2.24074282e+01  6.10000000e-01  3.40540450e-01  6.10000000e-01  1.26899291e+00  6.10000000e-01  4.90429663e-02 
 6.15000000e-01  4.35120608e-01  6.15000000e-01  2.22870414e+01  6.15000000e-01  3.37615545e-01  6.15000000e-01  1.40039217e+00  6.15000000e-01  4.98437234e-02 
 6.20000000e-01  4.86169815e-01  6.20000000e-01  2.21615186e+01  6.20000000e-01  3.34622490e-01  6.20000000e-01  1.54424982e+00  6.20000000e-01  5.07076279e-02 
 6.25000000e-01  5.42848787e-01  6.25000000e-01  2.20299332e+01  6.25000000e-01  3.31557465e-01  6.25000000e-01  1.70149302e+00  6.25000000e-01  5.16373699e-02 
 6.30000000e-01  6.05713645e-01  6.30000000e-01  2.18913341e+01  6.30000000e-01  3.28417130e-01  6.30000000e-01  1.87305952e+00  6.30000000e-01  5.26354666e-02 
 6.35000000e-01  6.75361668e-01  6.35000000e-01  2.17447704e+01  6.35000000e-01  3.25198791e-01  6.35000000e-01  2.05988504e+00  6.35000000e-01  5.37042263e-02 
 6.40000000e-01  7.52431404e-01  6.40000000e-01  2.15893190e+01  6.40000000e-01  3.21900539e-01  6.40000000e-01  2.26288882e+00  6.40000000e-01  5.48457131e-02 
 6.45000000e-01  8.37602170e-01  6.45000000e-01  2.14241114e+01  6.45000000e-01  3.18521391e-01  6.45000000e-01  2.48295762e+00  6.45000000e-01  5.60617133e-02 
 6.50000000e-01  9.31592857e-01  6.50000000e-01  2.12483608e+01  6.50000000e-01  3.15061392e-01  6.50000000e-01  2.72092839e+00  6.50000000e-01  5.73537038e-02 
 6.55000000e-01  1.03516000e+00  6.55000000e-01  2.10613867e+01  6.55000000e-01  3.11521703e-01  6.55000000e-01  2.97757012e+00  6.55000000e-01  5.87228246e-02 
 6.60000000e-01  1.14909504e+00  6.60000000e-01  2.08626368e+01  6.60000000e-01  3.07904646e-01  6.60000000e-01  3.25356522e+00  6.60000000e-01  6.01698543e-02 
 6.65000000e-01  1.27422080e+00  6.65000000e-01  2.06517049e+01  6.65000000e-01  3.04213721e-01  6.65000000e-01  3.54949120e+00  6.65000000e-01  6.16951906e-02 
 6.70000000e-01  1.41138713e+00  6.70000000e-01  2.04283439e+01  6.70000000e-01  3.00453581e-01  6.70000000e-01  3.86580303e+00  6.70000000e-01  6.32988366e-02 
 6.75000000e-01  1.56146582e+00  6.75000000e-01  2.01924743e+01  6.75000000e-01  2.96629979e-01  6.75000000e-01  4.20281703e+00  6.75000000e-01  6.49803920e-02 
 6.80000000e-01  1.72534471e+00  6.80000000e-01  1.99441867e+01  6.80000000e-01  2.92749677e-01  6.80000000e-01  4.56069677e+00  6.80000000e-01  6.67390505e-02 
 6.85000000e-01  1.90392131e+00  6.85000000e-01  1.96837393e+01  6.85000000e-01  2.88820332e-01  6.85000000e-01  4.93944152e+00  6.85000000e-01  6.85736034e-02 
 6.90000000e-01  2.09809574e+00  6.90000000e-01  1.94115513e+01  6.90000000e-01  2.84850362e-01  6.90000000e-01  5.33887797e+00  6.90000000e-01  7.04824493e-02 
 6.95000000e-01  2.30876343e+00  6.95000000e-01  1.91281911e+01  6.95000000e-01  2.80848788e-01  6.95000000e-01  5.75865523e+00  6.95000000e-01  7.24636092e-02 
 7.00000000e-01  2.53680749e+00  7.00000000e-01  1.88343615e+01  7.00000000e-01  2.76825073e-01  7.00000000e-01  6.19824379e+00  7.00000000e-01  7.45147474e-02 
 7.05000000e-01  2.78309104e+00  7.05000000e-01  1.85308822e+01  7.05000000e-01  2.72788961e-01  7.05000000e-01  6.65693816e+00  7.05000000e-01  7.66331971e-02 
 7.10000000e-01  3.04844964e+00  7.10000000e-01  1.82186699e+01  7.10000000e-01  2.68750309e-01  7.10000000e-01  7.13386345e+00  7.10000000e-01  7.88159900e-02 
 7.15000000e-01  3.33368398e+00  7.15000000e-01  1.78987186e+01  7.15000000e-01  2.64718933e-01  7.15000000e-01  7.62798555e+00  7.15000000e-01  8.10598900e-02 
 7.20000000e-01  3.63955299e+00  7.20000000e-01  1.75720779e+01  7.20000000e-01  2.60704468e-01  7.20000000e-01  8.13812464e+00  7.20000000e-01  8.33614290e-02 
 7.25000000e-01  3.96676748e+00  7.25000000e-01  1.72398336e+01  7.25000000e-01  2.56716236e-01  7.25000000e-01  8.66297158e+00  7.25000000e-01  8.57169447e-02 
 7.30000000e-01  4.31598454e+00  7.30000000e-01  1.69030879e+01  7.30000000e-01  2.52763135e-01  7.30000000e-01  9.20110663e+00  7.30000000e-01  8.81226195e-02 
 7.35000000e-01  4.68780264e+00  7.35000000e-01  1.65629416e+01  7.35000000e-01  2.48853549e-01  7.35000000e-01  9.75102002e+00  7.35000000e-01  9.05745192e-02 
 7.40000000e-01  5.08275768e+00  7.40000000e-01  1.62204788e+01  7.40000000e-01  2.44995272e-01  7.40000000e-01  1.03111336e+01  7.40000000e-01  9.30686319e-02 
 7.45000000e-01  5.50131990e+00  7.45000000e-01  1.58767521e+01  7.45000000e-01  2.41195454e-01  7.45000000e-01  1.08798228e+01  7.45000000e-01  9.56009047e-02 
 7.50000000e-01  5.94389178e+00  7.50000000e-01  1.55327716e+01  7.50000000e-01  2.37460560e-01  7.50000000e-01  1.14554393e+01  7.50000000e-01  9.81672793e-02 
 7.55000000e-01  6.41080680e+00  7.55000000e-01  1.51894948e+01  7.55000000e-01  2.33796354e-01  7.55000000e-01  1.20363317e+01  7.55000000e-01  1.00763725e-01 
 7.60000000e-01  6.90232920e+00  7.60000000e-01  1.48478194e+01  7.60000000e-01  2.30207886e-01  7.60000000e-01  1.26208661e+01  7.60000000e-01  1.03386267e-01 
 7.65000000e-01  7.41865454e+00  7.65000000e-01  1.45085774e+01  7.65000000e-01  2.26699502e-01  7.65000000e-01  1.32074451e+01  7.65000000e-01  1.06031018e-01 
 7.70000000e-01  7.95991103e+00  7.70000000e-01  1.41725321e+01  7.70000000e-01  2.23274858e-01  7.70000000e-01  1.37945241e+01  7.70000000e-01  1.08694198e-01 
 7.75000000e-01  8.52616168e+00  7.75000000e-01  1.38403754e+01  7.75000000e-01  2.19936947e-01  7.75000000e-01  1.43806264e+01  7.75000000e-01  1.11372154e-01 
 7.80000000e-01  9.11740693e+00  7.80000000e-01  1.35127275e+01  7.80000000e-01  2.16688131e-01  7.80000000e-01  1.49643553e+01  7.80000000e-01  1.14061383e-01 
 7.85000000e-01  9.73358791e+00  7.85000000e-01  1.31901373e+01  7.85000000e-01  2.13530178e-01  7.85000000e-01  1.55444044e+01  7.85000000e-01  1.16758540e-01 
 7.90000000e-01  1.03745901e+01  7.90000000e-01  1.28730844e+01  7.90000000e-01  2.10464304e-01  7.90000000e-01  1.61195651e+01  7.90000000e-01  1.19460453e-01 
 7.95000000e-01  1.10402473e+01  7.95000000e-01  1.25619813e+01  7.95000000e-01  2.07491218e-01  7.95000000e-01  1.66887325e+01  7.95000000e-01  1.22164127e-01 
 8.00000000e-01  1.17303459e+01  8.00000000e-01  1.22571764e+01  8.00000000e-01  2.04611164e-01  8.00000000e-01  1.72509081e+01  8.00000000e-01  1.24866755e-01 
 8.05000000e-01  1.24446291e+01  8.05000000e-01  1.19589579e+01  8.05000000e-01  2.01823970e-01  8.05000000e-01  1.78052019e+01  8.05000000e-01  1.27565713e-01 
 8.10000000e-01  1.31828014e+01  8.10000000e-01  1.16675576e+01  8.10000000e-01  1.99129090e-01  8.10000000e-01  1.83508316e+01  8.10000000e-01  1.30258570e-01 
 8.15000000e-01  1.39445334e+01  8.15000000e-01  1.13831550e+01  8.15000000e-01  1.96525649e-01  8.15000000e-01  1.88871210e+01  8.15000000e-01  1.32943078e-01 
 8.20000000e-01  1.47294654e+01  8.20000000e-01  1.11058814e+01  8.20000000e-01  1.94012482e-01  8.20000000e-01  1.94134963e+01  8.20000000e-01  1.35617173e-01 
 8.25000000e-01  1.55372123e+01  8.25000000e-01  1.08358245e+01  8.25000000e-01  1.91588176e-01  8.25000000e-01  1.99294826e+01  8.25000000e-01  1.38278972e-01 
 8.30000000e-01  1.63673674e+01  8.30000000e-01  1.05730324e+01  8.30000000e-01  1.89251107e-01  8.30000000e-01  2.04346981e+01  8.30000000e-01  1.40926763e-01 
 8.35000000e-01  1.72195062e+01  8.35000000e-01  1.03175175e+01  8.35000000e-01  1.86999469e-01  8.35000000e-01  2.09288484e+01  8.35000000e-01  1.43559004e-01 
 8.40000000e-01  1.80931901e+01  8.40000000e-01  1.00692608e+01  8.40000000e-01  1.84831314e-01  8.40000000e-01  2.14117203e+01  8.40000000e-01  1.46174310e-01 
 8.45000000e-01  1.89879699e+01  8.45000000e-01  9.82821518e+00  8.45000000e-01  1.82744572e-01  8.45000000e-01  2.18831755e+01  8.45000000e-01  1.48771448e-01 
 8.50000000e-01  1.99033884e+01  8.50000000e-01  9.59430932e+00  8.50000000e-01  1.80737084e-01  8.50000000e-01  2.23431434e+01  8.50000000e-01  1.51349331e-01 
 8.55000000e-01  2.08389840e+01  8.55000000e-01  9.36745064e+00  8.55000000e-01  1.78806619e-01  8.55000000e-01  2.27916144e+01  8.55000000e-01  1.53907004e-01 
 8.60000000e-01  2.17942926e+01  8.60000000e-01  9.14752849e+00  8.60000000e-01  1.76950901e-01  8.60000000e-01  2.32286337e+01  8.60000000e-01  1.56443640e-01 
 8.65000000e-01  2.27688502e+01  8.65000000e-01  8.93441687e+00  8.65000000e-01  1.75167622e-01  8.65000000e-01  2.36542944e+01  8.65000000e-01  1.58958532e-01 
 8.70000000e-01  2.37621951e+01  8.70000000e-01  8.72797699e+00  8.70000000e-01  1.73454464e-01  8.70000000e-01  2.40687316e+01  8.70000000e-01  1.61451079e-01 
 8.75000000e-01  2.47738690e+01  8.75000000e-01  8.52805956e+00  8.75000000e-01  1.71809108e-01  8.75000000e-01  2.44721162e+01  8.75000000e-01  1.63920784e-01 
 8.80000000e-01  2.58034195e+01  8.80000000e-01  8.33450690e+00  8.80000000e-01  1.70229247e-01  8.80000000e-01  2.48646499e+01  8.80000000e-01  1.66367244e-01 
 8.85000000e-01  2.68504007e+01  8.85000000e-01  8.14715478e+00  8.85000000e-01  1.68712599e-01  8.85000000e-01  2.52465596e+01  8.85000000e-01  1.68790140e-01 
 8.90000000e-01  2.79143744e+01  8.90000000e-01  7.96583410e+00  8.90000000e-01  1.67256916e-01  8.90000000e-01  2.56180929e+01  8.90000000e-01  1.71189233e-01 
 8.95000000e-01  2.89949115e+01  8.95000000e-01  7.79037238e+00  8.95000000e-01  1.65859987e-01  8.95000000e-01  2.59795137e+01  8.95000000e-01  1.73564356e-01 
 9.00000000e-01  3.00915922e+01  9.00000000e-01  7.62059502e+00  9.00000000e-01  1.64519649e-01  9.00000000e-01  2.63310985e+01  9.00000000e-01  1.75915405e-01 
 9.05000000e-01  3.12040067e+01  9.05000000e-01  7.45632652e+00  9.05000000e-01  1.63233791e-01  9.05000000e-01  2.66731325e+01  9.05000000e-01  1.78242338e-01 
 9.10000000e-01  3.23317562e+01  9.10000000e-01  7.29739140e+00  9.10000000e-01  1.62000354e-01  9.10000000e-01  2.70059070e+01  9.10000000e-01  1.80545163e-01 
 9.15000000e-01  3.34744522e+01  9.15000000e-01  7.14361510e+00  9.15000000e-01  1.60817340e-01  9.15000000e-01  2.73297162e+01  9.15000000e-01  1.82823938e-01 
 9.20000000e-01  3.46317176e+01  9.20000000e-01  6.99482472e+00  9.20000000e-01  1.59682812e-01  9.20000000e-01  2.76448549e+01  9.20000000e-01  1.85078762e-01 
 9.25000000e-01  3.58031865e+01  9.25000000e-01  6.85084962e+00  9.25000000e-01  1.58594891e-01  9.25000000e-01  2.79516165e+01  9.25000000e-01  1.87309773e-01 
 9.30000000e-01  3.69885039e+01  9.30000000e-01  6.71152198e+00  9.30000000e-01  1.57551765e-01  9.30000000e-01  2.82502913e+01  9.30000000e-01  1.89517142e-01 
 9.35000000e-01  3.81873262e+01  9.35000000e-01  6.57667721e+00  9.35000000e-01  1.56551685e-01  9.35000000e-01  2.85411647e+01  9.35000000e-01  1.91701070e-01 
 9.40000000e-01  3.93993206e+01  9.40000000e-01  6.44615433e+00  9.40000000e-01  1.55592963e-01  9.40000000e-01  2.88245161e+01  9.40000000e-01  1.93861784e-01 
 9.45000000e-01  4.06241653e+01  9.45000000e-01  6.31979625e+00  9.45000000e-01  1.54673976e-01  9.45000000e-01  2.91006179e+01  9.45000000e-01  1.95999533e-01 
 9.50000000e-01  4.18615488e+01  9.50000000e-01  6.19745000e+00  9.50000000e-01  1.53793164e-01  9.50000000e-01  2.93697345e+01  9.50000000e-01  1.98114587e-01 
 9.55000000e-01  4.31111703e+01  9.55000000e-01  6.07896689e+00  9.55000000e-01  1.52949026e-01  9.55000000e-01  2.96321218e+01  9.55000000e-01  2.00207230e-01 
 9.60000000e-01  4.43727388e+01  9.60000000e-01  5.96420264e+00  9.60000000e-01  1.52140123e-01  9.60000000e-01  2.98880269e+01  9.60000000e-01  2.02277764e-01 
 9.65000000e-01  4.56459730e+01  9.65000000e-01  5.85301749e+00  9.65000000e-01  1.51365076e-01  9.65000000e-01  3.01376871e+01  9.65000000e-01  2.04326501e-01 
 9.70000000e-01  4.69306010e+01  9.70000000e-01  5.74527620e+00  9.70000000e-01  1.50622560e-01  9.70000000e-01  3.03813305e+01  9.70000000e-01  2.06353762e-01 
 9.75000000e-01  4.82263601e+01  9.75000000e-01  5.64084807e+00  9.75000000e-01  1.49911309e-01  9.75000000e-01  3.06191751e+01  9.75000000e-01  2.08359878e-01 
 9.80000000e-01  4.95329962e+01  9.80000000e-01  5.53960697e+00  9.80000000e-01  1.49230109e-01  9.80000000e-01  3.08514296e+01  9.80000000e-01  2.10345184e-01 
 9.85000000e-01  5.08502635e+01  9.85000000e-01  5.44143125e+00  9.85000000e-01  1.48577799e-01  9.85000000e-01  3.10782927e+01  9.85000000e-01  2.12310024e-01 
 9.90000000e-01  5.21779242e+01  9.90000000e-01  5.34620373e+00  9.90000000e-01  1.47953269e-01  9.90000000e-01  3.12999537e+01  9.90000000e-01  2.14254740e-01 
 9.95000000e-01  5.35157482e+01  9.95000000e-01  5.25381161e+00  9.95000000e-01  1.47355457e-01  9.95000000e-01  3.15165924e+01  9.95000000e-01  2.16179682e-01 
 1.00000000e+00  5.48635126e+01  1.00000000e+00  5.16414635e+00  1.00000000e+00  1.46783348e-01  1.00000000e+00  3.17283796e+01  1.00000000e+00  2.18085196e-01 
 1.00500000e+00  5.62210015e+01  1.00500000e+00  5.07710366e+00  1.00500000e+00  1.46235973e-01  1.00500000e+00  3.19354770e+01  1.00500000e+00  2.19971633e-01 
 1.01000000e+00  5.75880056e+01  1.01000000e+00  4.99258332e+00  1.01000000e+00  1.45712405e-01  1.01000000e+00  3.21380381e+01  1.01000000e+00  2.21839340e-01 
 1.01500000e+00  5.89643219e+01  1.01500000e+00  4.91048909e+00  1.01500000e+00  1.45211759e-01  1.01500000e+00  3.23362078e+01  1.01500000e+00  2.23688665e-01 
 1.02000000e+00  6.03497534e+01  1.02000000e+00  4.83072862e+00  1.02000000e+00  1.44733190e-01  1.02000000e+00  3.25301231e+01  1.02000000e+00  2.25519953e-01 
 1.02500000e+00  6.17441087e+01  1.02500000e+00  4.75321330e+00  1.02500000e+00  1.44275891e-01  1.02500000e+00  3.27199135e+01  1.02500000e+00  2.27333547e-01 
 1.03000000e+00  6.31472019e+01  1.03000000e+00  4.67785816e+00  1.03000000e+00  1.43839091e-01  1.03000000e+00  3.29057012e+01  1.03000000e+00  2.29129786e-01 
 1.03500000e+00  6.45588522e+01  1.03500000e+00  4.60458172e+00  1.03500000e+00  1.43422056e-01  1.03500000e+00  3.30876015e+01  1.03500000e+00  2.30909009e-01 
 1.04000000e+00  6.59788834e+01  1.04000000e+00  4.53330590e+00  1.04000000e+00  1.43024081e-01  1.04000000e+00  3.32657230e+01  1.04000000e+00  2.32671547e-01 
 1.04500000e+00  6.74071243e+01  1.04500000e+00  4.46395587e+00  1.04500000e+00  1.42644498e-01  1.04500000e+00  3.34401684e+01  1.04500000e+00  2.34417730e-01 
 1.05000000e+00  6.88434077e+01  1.05000000e+00  4.39645995e+00  1.05000000e+00  1.42282665e-01  1.05000000e+00  3.36110344e+01  1.05000000e+00  2.36147883e-01 
 1.05500000e+00  7.02875707e+01  1.05500000e+00  4.33074947e+00  1.05500000e+00  1.41937971e-01  1.05500000e+00  3.37784119e+01  1.05500000e+00  2.37862327e-01 
 1.06000000e+00  7.17394544e+01  1.06000000e+00  4.26675867e+00  1.06000000e+00  1.41609834e-01  1.06000000e+00  3.39423870e+01  1.06000000e+00  2.39561377e-01 
 1.06500000e+00  7.31989035e+01  1.06500000e+00  4.20442456e+00  1.06500000e+00  1.41297694e-01  1.06500000e+00  3.41030407e+01  1.06500000e+00  2.41245345e-01 
 1.07000000e+00  7.46657661e+01  1.07000000e+00  4.14368683e+00  1.07000000e+00  1.41001021e-01  1.07000000e+00  3.42604494e+01  1.07000000e+00  2.42914537e-01 
 1.07500000e+00  7.61398938e+01  1.07500000e+00  4.08448773e+00  1.07500000e+00  1.40719306e-01  1.07500000e+00  3.44146852e+01  1.07500000e+00  2.44569254e-01 
 1.08000000e+00  7.76211415e+01  1.08000000e+00  4.02677195e+00  1.08000000e+00  1.40452063e-01  1.08000000e+00  3.45658162e+01  1.08000000e+00  2.46209794e-01 
 1.08500000e+00  7.91093668e+01  1.08500000e+00  3.97048655e+00  1.08500000e+00  1.40198829e-01  1.08500000e+00  3.47139068e+01  1.08500000e+00  2.47836449e-01 
 1.09000000e+00  8.06044303e+01  1.09000000e+00  3.91558082e+00  1.09000000e+00  1.39959161e-01  1.09000000e+00  3.48590177e+01  1.09000000e+00  2.49449504e-01 
 1.09500000e+00  8.21061955e+01  1.09500000e+00  3.86200621e+00  1.09500000e+00  1.39732636e-01  1.09500000e+00  3.50012066e+01  1.09500000e+00  2.51049242e-01 
 1.10000000e+00  8.36145283e+01  1.10000000e+00  3.80971621e+00  1.10000000e+00  1.39518849e-01  1.10000000e+00  3.51405279e+01  1.10000000e+00  2.52635939e-01 
 1.10500000e+00  8.51292970e+01  1.10500000e+00  3.75866630e+00  1.10500000e+00  1.39317414e-01  1.10500000e+00  3.52770334e+01  1.10500000e+00  2.54209867e-01 
 1.11000000e+00  8.66503725e+01  1.11000000e+00  3.70881381e+00  1.11000000e+00  1.39127960e-01  1.11000000e+00  3.54107721e+01  1.11000000e+00  2.55771294e-01 
 1.11500000e+00  8.81776279e+01  1.11500000e+00  3.66011790e+00  1.11500000e+00  1.38950136e-01  1.11500000e+00  3.55417907e+01  1.11500000e+00  2.57320481e-01 
 1.12000000e+00  8.97109382e+01  1.12000000e+00  3.61253941e+00  1.12000000e+00  1.38783602e-01  1.12000000e+00  3.56701335e+01  1.12000000e+00  2.58857686e-01 
 1.12500000e+00  9.12501808e+01  1.12500000e+00  3.56604083e+00  1.12500000e+00  1.38628036e-01  1.12500000e+00  3.57958429e+01  1.12500000e+00  2.60383161e-01 
 1.13000000e+00  9.27952348e+01  1.13000000e+00  3.52058622e+00  1.13000000e+00  1.38483129e-01  1.13000000e+00  3.59189591e+01  1.13000000e+00  2.61897154e-01 
 1.13500000e+00  9.43459815e+01  1.13500000e+00  3.47614112e+00  1.13500000e+00  1.38348585e-01  1.13500000e+00  3.60395209e+01  1.13500000e+00  2.63399909e-01 
 1.14000000e+00  9.59023038e+01  1.14000000e+00  3.43267251e+00  1.14000000e+00  1.38224121e-01  1.14000000e+00  3.61575652e+01  1.14000000e+00  2.64891665e-01 
 1.14500000e+00  9.74640864e+01  1.14500000e+00  3.39014870e+00  1.14500000e+00  1.38109466e-01  1.14500000e+00  3.62731273e+01  1.14500000e+00  2.66372656e-01 
 1.15000000e+00  9.90312157e+01  1.15000000e+00  3.34853934e+00  1.15000000e+00  1.38004362e-01  1.15000000e+00  3.63862413e+01  1.15000000e+00  2.67843112e-01 
 1.15500000e+00  1.00603580e+02  1.15500000e+00  3.30781527e+00  1.15500000e+00  1.37908560e-01  1.15500000e+00  3.64969400e+01  1.15500000e+00  2.69303260e-01 
 1.16000000e+00  1.02181068e+02  1.16000000e+00  3.26794856e+00  1.16000000e+00  1.37821823e-01  1.16000000e+00  3.66052550e+01  1.16000000e+00  2.70753320e-01 
 1.16500000e+00  1.03763572e+02  1.16500000e+00  3.22891238e+00  1.16500000e+00  1.37743923e-01  1.16500000e+00  3.67112166e+01  1.16500000e+00  2.72193511e-01 
 1.17000000e+00  1.05350985e+02  1.17000000e+00  3.19068097e+00  1.17000000e+00  1.37674642e-01  1.17000000e+00  3.68148544e+01  1.17000000e+00  2.73624045e-01 
 1.17500000e+00  1.06943199e+02  1.17500000e+00  3.15322962e+00  1.17500000e+00  1.37613772e-01  1.17500000e+00  3.69161968e+01  1.17500000e+00  2.75045133e-01 
 1.18000000e+00  1.08540111e+02  1.18000000e+00  3.11653459e+00  1.18000000e+00  1.37561112e-01  1.18000000e+00  3.70152717e+01  1.18000000e+00  2.76456980e-01 
 1.18500000e+00  1.10141618e+02  1.18500000e+00  3.08057307e+00  1.18500000e+00  1.37516471e-01  1.18500000e+00  3.71121059e+01  1.18500000e+00  2.77859789e-01 
 1.19000000e+00  1.11747617e+02  1.19000000e+00  3.04532315e+00  1.19000000e+00  1.37479666e-01  1.19000000e+00  3.72067255e+01  1.19000000e+00  2.79253757e-01 
 1.19500000e+00  1.13358009e+02  1.19500000e+00  3.01076378e+00  1.19500000e+00  1.37450521e-01  1.19500000e+00  3.72991562e+01  1.19500000e+00  2.80639080e-01 
 1.20000000e+00  1.14972694e+02  1.20000000e+00  2.97687471e+00  1.20000000e+00  1.37428866e-01  1.20000000e+00  3.73894228e+01  1.20000000e+00  2.82015948e-01 
 1.20500000e+00  1.16591573e+02  1.20500000e+00  2.94363648e+00  1.20500000e+00  1.37414541e-01  1.20500000e+00  3.74775497e+01  1.20500000e+00  2.83384550e-01 
 1.21000000e+00  1.18214550e+02  1.21000000e+00  2.91103036e+00  1.21000000e+00  1.37407390e-01  1.21000000e+00  3.75635608e+01  1.21000000e+00  2.84745069e-01 
 1.21500000e+00  1.19841530e+02  1.21500000e+00  2.87903834e+00  1.21500000e+00  1.37407264e-01  1.21500000e+00  3.76474794e+01  1.21500000e+00  2.86097686e-01 
 1.22000000e+00  1.21472417e+02  1.22000000e+00  2.84764309e+00  1.22000000e+00  1.37414022e-01  1.22000000e+00  3.77293285e+01  1.22000000e+00  2.87442581e-01 
 1.22500000e+00  1.23107119e+02  1.22500000e+00  2.81682792e+00  1.22500000e+00  1.37427525e-01  1.22500000e+00  3.78091306e+01  1.22500000e+00  2.88779926e-01 
 1.23000000e+00  1.24745542e+02  1.23000000e+00  2.78657676e+00  1.23000000e+00  1.37447645e-01  1.23000000e+00  3.78869079e+01  1.23000000e+00  2.90109894e-01 
 1.23500000e+00  1.26387597e+02  1.23500000e+00  2.75687412e+00  1.23500000e+00  1.37474254e-01  1.23500000e+00  3.79626821e+01  1.23500000e+00  2.91432654e-01 
 1.24000000e+00  1.28033192e+02  1.24000000e+00  2.72770511e+00  1.24000000e+00  1.37507232e-01  1.24000000e+00  3.80364747e+01  1.24000000e+00  2.92748370e-01 
 1.24500000e+00  1.29682240e+02  1.24500000e+00  2.69905535e+00  1.24500000e+00  1.37546464e-01  1.24500000e+00  3.81083070e+01  1.24500000e+00  2.94057207e-01 
 1.25000000e+00  1.31334651e+02  1.25000000e+00  2.67091098e+00  1.25000000e+00  1.37591839e-01  1.25000000e+00  3.81781998e+01  1.25000000e+00  2.95359322e-01 
 1.25500000e+00  1.32990339e+02  1.25500000e+00  2.64325864e+00  1.25500000e+00  1.37643251e-01  1.25500000e+00  3.82461737e+01  1.25500000e+00  2.96654875e-01 
 1.26000000e+00  1.34649218e+02  1.26000000e+00  2.61608546e+00  1.26000000e+00  1.37700597e-01  1.26000000e+00  3.83122491e+01  1.26000000e+00  2.97944019e-01 
 1.26500000e+00  1.36311202e+02  1.26500000e+00  2.58937898e+00  1.26500000e+00  1.37763780e-01  1.26500000e+00  3.83764461e+01  1.26500000e+00  2.99226906e-01 
 1.27000000e+00  1.37976209e+02  1.27000000e+00  2.56312721e+00  1.27000000e+00  1.37832707e-01  1.27000000e+00  3.84387848e+01  1.27000000e+00  3.00503685e-01 
 1.27500000e+00  1.39644155e+02  1.27500000e+00  2.53731857e+00  1.27500000e+00  1.37907287e-01  1.27500000e+00  3.84992847e+01  1.27500000e+00  3.01774503e-01 
 1.28000000e+00  1.41314959e+02  1.28000000e+00  2.51194186e+00  1.28000000e+00  1.37987435e-01  1.28000000e+00  3.85579653e+01  1.28000000e+00  3.03039505e-01 
 1.28500000e+00  1.42988538e+02  1.28500000e+00  2.48698629e+00  1.28500000e+00  1.38073068e-01  1.28500000e+00  3.86148461e+01  1.28500000e+00  3.04298831e-01 
 1.29000000e+00  1.44664813e+02  1.29000000e+00  2.46244139e+00  1.29000000e+00  1.38164107e-01  1.29000000e+00  3.86699460e+01  1.29000000e+00  3.05552623e-01 
 1.29500000e+00  1.46343705e+02  1.29500000e+00  2.43829709e+00  1.29500000e+00  1.38260477e-01  1.29500000e+00  3.87232841e+01  1.29500000e+00  3.06801015e-01 
 1.30000000e+00  1.48025135e+02  1.30000000e+00  2.41454362e+00  1.30000000e+00  1.38362104e-01  1.30000000e+00  3.87748791e+01  1.30000000e+00  3.08044144e-01 
 1.30500000e+00  1.49709027e+02  1.30500000e+00  2.39117153e+00  1.30500000e+00  1.38468920e-01  1.30500000e+00  3.88247495e+01  1.30500000e+00  3.09282142e-01 
 1.31000000e+00  1.51395303e+02  1.31000000e+00  2.36817171e+00  1.31000000e+00  1.38580858e-01  1.31000000e+00  3.88729139e+01  1.31000000e+00  3.10515140e-01 
 1.31500000e+00  1.53083888e+02  1.31500000e+00  2.34553531e+00  1.31500000e+00  1.38697855e-01  1.31500000e+00  3.89193903e+01  1.31500000e+00  3.11743266e-01 
 1.32000000e+00  1.54774708e+02  1.32000000e+00  2.32325379e+00  1.32000000e+00  1.38819849e-01  1.32000000e+00  3.89641971e+01  1.32000000e+00  3.12966645e-01 
 1.32500000e+00  1.56467689e+02  1.32500000e+00  2.30131887e+00  1.32500000e+00  1.38946783e-01  1.32500000e+00  3.90073520e+01  1.32500000e+00  3.14185403e-01 
 1.33000000e+00  1.58162757e+02  1.33000000e+00  2.27972251e+00  1.33000000e+00  1.39078601e-01  1.33000000e+00  3.90488728e+01  1.33000000e+00  3.15399662e-01 
 1.33500000e+00  1.59859841e+02  1.33500000e+00  2.25845697e+00  1.33500000e+00  1.39215250e-01  1.33500000e+00  3.90887772e+01  1.33500000e+00  3.16609540e-01 
 1.34000000e+00  1.61558869e+02  1.34000000e+00  2.23751471e+00  1.34000000e+00  1.39356679e-01  1.34000000e+00  3.91270826e+01  1.34000000e+00  3.17815158e-01 
 1.34500000e+00  1.63259771e+02  1.34500000e+00  2.21688843e+00  1.34500000e+00  1.39502841e-01  1.34500000e+00  3.91638062e+01  1.34500000e+00  3.19016631e-01 
 1.35000000e+00  1.64962477e+02  1.35000000e+00  2.19657107e+00  1.35000000e+00  1.39653688e-01  1.35000000e+00  3.91989654e+01  1.35000000e+00  3.20214074e-01 
 1.35500000e+00  1.66666919e+02  1.35500000e+00  2.17655577e+00  1.35500000e+00  1.39809179e-01  1.35500000e+00  3.92325769e+01  1.35500000e+00  3.21407599e-01 
 1.36000000e+00  1.68373029e+02  1.36000000e+00  2.15683586e+00  1.36000000e+00  1.39969269e-01  1.36000000e+00  3.92646577e+01  1.36000000e+00  3.22597317e-01 
 1.36500000e+00  1.70080739e+02  1.36500000e+00  2.13740491e+00  1.36500000e+00  1.40133921e-01  1.36500000e+00  3.92952245e+01  1.36500000e+00  3.23783338e-01 
 1.37000000e+00  1.71789983e+02  1.37000000e+00  2.11825663e+00  1.37000000e+00  1.40303096e-01  1.37000000e+00  3.93242936e+01  1.37000000e+00  3.24965769e-01 
 1.37500000e+00  1.73500696e+02  1.37500000e+00  2.09938496e+00  1.37500000e+00  1.40476758e-01  1.37500000e+00  3.93518816e+01  1.37500000e+00  3.26144716e-01 
 1.38000000e+00  1.75212812e+02  1.38000000e+00  2.08078398e+00  1.38000000e+00  1.40654874e-01  1.38000000e+00  3.93780045e+01  1.38000000e+00  3.27320282e-01 
 1.38500000e+00  1.76926268e+02  1.38500000e+00  2.06244797e+00  1.38500000e+00  1.40837412e-01  1.38500000e+00  3.94026784e+01  1.38500000e+00  3.28492571e-01 
 1.39000000e+00  1.78641001e+02  1.39000000e+00  2.04437134e+00  1.39000000e+00  1.41024341e-01  1.39000000e+00  3.94259191e+01  1.39000000e+00  3.29661683e-01 
 1.39500000e+00  1.80356947e+02  1.39500000e+00  2.02654868e+00  1.39500000e+00  1.41215633e-01  1.39500000e+00  3.94477425e+01  1.39500000e+00  3.30827717e-01 
 1.40000000e+00  1.82074044e+02  1.40000000e+00  2.00897474e+00  1.40000000e+00  1.41411261e-01  1.40000000e+00  3.94681639e+01  1.40000000e+00  3.31990772e-01 
 1.40500000e+00  1.83792233e+02  1.40500000e+00  1.99164440e+00  1.40500000e+00  1.41611200e-01  1.40500000e+00  3.94871988e+01  1.40500000e+00  3.33150943e-01 
 1.41000000e+00  1.85511452e+02  1.41000000e+00  1.97455268e+00  1.41000000e+00  1.41815425e-01  1.41000000e+00  3.95048624e+01  1.41000000e+00  3.34308326e-01 
 1.41500000e+00  1.87231642e+02  1.41500000e+00  1.95769475e+00  1.41500000e+00  1.42023915e-01  1.41500000e+00  3.95211697e+01  1.41500000e+00  3.35463014e-01 
 1.42000000e+00  1.88952744e+02  1.42000000e+00  1.94106589e+00  1.42000000e+00  1.42236650e-01  1.42000000e+00  3.95361355e+01  1.42000000e+00  3.36615098e-01 
 1.42500000e+00  1.90674700e+02  1.42500000e+00  1.92466154e+00  1.42500000e+00  1.42453609e-01  1.42500000e+00  3.95497747e+01  1.42500000e+00  3.37764669e-01 
 1.43000000e+00  1.92397451e+02  1.43000000e+00  1.90847723e+00  1.43000000e+00  1.42674776e-01  1.43000000e+00  3.95621016e+01  1.43000000e+00  3.38911816e-01 
 1.43500000e+00  1.94120942e+02  1.43500000e+00  1.89250862e+00  1.43500000e+00  1.42900133e-01  1.43500000e+00  3.95731307e+01  1.43500000e+00  3.40056628e-01 
 1.44000000e+00  1.95845116e+02  1.44000000e+00  1.87675149e+00  1.44000000e+00  1.43129667e-01  1.44000000e+00  3.95828762e+01  1.44000000e+00  3.41199190e-01 
 1.44500000e+00  1.97569917e+02  1.44500000e+00  1.86120172e+00  1.44500000e+00  1.43363363e-01  1.44500000e+00  3.95913520e+01  1.44500000e+00  3.42339588e-01 
 1.45000000e+00  1.99295291e+02  1.45000000e+00  1.84585531e+00  1.45000000e+00  1.43601209e-01  1.45000000e+00  3.95985719e+01  1.45000000e+00  3.43477905e-01 
 1.45500000e+00  2.01021183e+02  1.45500000e+00  1.83070836e+00  1.45500000e+00  1.43843193e-01  1.45500000e+00  3.96045497e+01  1.45500000e+00  3.44614225e-01 
 1.46000000e+00  2.02747540e+02  1.46000000e+00  1.81575705e+00  1.46000000e+00  1.44089307e-01  1.46000000e+00  3.96092987e+01  1.46000000e+00  3.45748627e-01 
 1.46500000e+00  2.04474309e+02  1.46500000e+00  1.80099768e+00  1.46500000e+00  1.44339540e-01  1.46500000e+00  3.96128324e+01  1.46500000e+00  3.46881194e-01 
 1.47000000e+00  2.06201437e+02  1.47000000e+00  1.78642663e+00  1.47000000e+00  1.44593887e-01  1.47000000e+00  3.96151638e+01  1.47000000e+00  3.48012003e-01 
 1.47500000e+00  2.07928873e+02  1.47500000e+00  1.77204039e+00  1.47500000e+00  1.44852341e-01  1.47500000e+00  3.96163058e+01  1.47500000e+00  3.49141132e-01 
 1.48000000e+00  2.09656566e+02  1.48000000e+00  1.75783551e+00  1.48000000e+00  1.45114896e-01  1.48000000e+00  3.96162712e+01  1.48000000e+00  3.50268658e-01 
 1.48500000e+00  2.11384465e+02  1.48500000e+00  1.74380863e+00  1.48500000e+00  1.45381548e-01  1.48500000e+00  3.96150725e+01  1.48500000e+00  3.51394656e-01 
 1.49000000e+00  2.13112520e+02  1.49000000e+00  1.72995649e+00  1.49000000e+00  1.45652295e-01  1.49000000e+00  3.96127223e+01  1.49000000e+00  3.52519201e-01 
 1.49500000e+00  2.14840682e+02  1.49500000e+00  1.71627590e+00  1.49500000e+00  1.45927136e-01  1.49500000e+00  3.96092326e+01  1.49500000e+00  3.53642366e-01 
 1.50000000e+00  2.16568902e+02  1.50000000e+00  1.70276374e+00  1.50000000e+00  1.46206068e-01  1.50000000e+00  3.96046156e+01  1.50000000e+00  3.54764223e-01 
 1.50500000e+00  2.18297132e+02  1.50500000e+00  1.68941697e+00  1.50500000e+00  1.46489093e-01  1.50500000e+00  3.95988830e+01  1.50500000e+00  3.55884843e-01 
 1.51000000e+00  2.20025325e+02  1.51000000e+00  1.67623262e+00  1.51000000e+00  1.46776212e-01  1.51000000e+00  3.95920465e+01  1.51000000e+00  3.57004295e-01 
 1.51500000e+00  2.21753433e+02  1.51500000e+00  1.66320779e+00  1.51500000e+00  1.47067427e-01  1.51500000e+00  3.95841176e+01  1.51500000e+00  3.58122650e-01 
 1.52000000e+00  2.23481409e+02  1.52000000e+00  1.65033965e+00  1.52000000e+00  1.47362741e-01  1.52000000e+00  3.95751076e+01  1.52000000e+00  3.59239975e-01 
 1.52500000e+00  2.25209208e+02  1.52500000e+00  1.63762544e+00  1.52500000e+00  1.47662160e-01  1.52500000e+00  3.95650276e+01  1.52500000e+00  3.60356337e-01 
 1.53000000e+00  2.26936785e+02  1.53000000e+00  1.62506246e+00  1.53000000e+00  1.47965688e-01  1.53000000e+00  3.95538885e+01  1.53000000e+00  3.61471801e-01 
 1.53500000e+00  2.28664094e+02  1.53500000e+00  1.61264806e+00  1.53500000e+00  1.48273332e-01  1.53500000e+00  3.95417010e+01  1.53500000e+00  3.62586434e-01 
 1.54000000e+00  2.30391091e+02  1.54000000e+00  1.60037966e+00  1.54000000e+00  1.48585099e-01  1.54000000e+00  3.95284758e+01  1.54000000e+00  3.63700298e-01 
 1.54500000e+00  2.32117732e+02  1.54500000e+00  1.58825475e+00  1.54500000e+00  1.48900997e-01  1.54500000e+00  3.95142231e+01  1.54500000e+00  3.64813458e-01 
 1.55000000e+00  2.33843974e+02  1.55000000e+00  1.57627087e+00  1.55000000e+00  1.49221036e-01  1.55000000e+00  3.94989532e+01  1.55000000e+00  3.65925975e-01 
 1.55500000e+00  2.35569773e+02  1.55500000e+00  1.56442559e+00  1.55500000e+00  1.49545225e-01  1.55500000e+00  3.94826760e+01  1.55500000e+00  3.67037910e-01 
 1.56000000e+00  2.37295088e+02  1.56000000e+00  1.55271657e+00  1.56000000e+00  1.49873575e-01  1.56000000e+00  3.94654014e+01  1.56000000e+00  3.68149325e-01 
 1.56500000e+00  2.39019876e+02  1.56500000e+00  1.54114150e+00  1.56500000e+00  1.50206099e-01  1.56500000e+00  3.94471389e+01  1.56500000e+00  3.69260278e-01 
 1.57000000e+00  2.40744096e+02  1.57000000e+00  1.52969813e+00  1.57000000e+00  1.50542808e-01  1.57000000e+00  3.94278980e+01  1.57000000e+00  3.70370828e-01 
 1.57500000e+00  2.42467707e+02  1.57500000e+00  1.51838425e+00  1.57500000e+00  1.50883718e-01  1.57500000e+00  3.94076880e+01  1.57500000e+00  3.71481033e-01 
 1.58000000e+00  2.44190668e+02  1.58000000e+00  1.50719771e+00  1.58000000e+00  1.51228841e-01  1.58000000e+00  3.93865179e+01  1.58000000e+00  3.72590950e-01 
 1.58500000e+00  2.45912940e+02  1.58500000e+00  1.49613639e+00  1.58500000e+00  1.51578195e-01  1.58500000e+00  3.93643966e+01  1.58500000e+00  3.73700634e-01 
 1.59000000e+00  2.47634482e+02  1.59000000e+00  1.48519823e+00  1.59000000e+00  1.51931794e-01  1.59000000e+00  3.93413328e+01  1.59000000e+00  3.74810143e-01 
 1.59500000e+00  2.49355256e+02  1.59500000e+00  1.47438121e+00  1.59500000e+00  1.52289657e-01  1.59500000e+00  3.93173349e+01  1.59500000e+00  3.75919529e-01 
 1.60000000e+00  2.51075222e+02  1.60000000e+00  1.46368335e+00  1.60000000e+00  1.52651800e-01  1.60000000e+00  3.92924114e+01  1.60000000e+00  3.77028846e-01 
 1.60500000e+00  2.52794342e+02  1.60500000e+00  1.45310270e+00  1.60500000e+00  1.53018244e-01  1.60500000e+00  3.92665703e+01  1.60500000e+00  3.78138148e-01 
 1.61000000e+00  2.54512579e+02  1.61000000e+00  1.44263738e+00  1.61000000e+00  1.53389007e-01  1.61000000e+00  3.92398196e+01  1.61000000e+00  3.79247487e-01 
 1.61500000e+00  2.56229894e+02  1.61500000e+00  1.43228552e+00  1.61500000e+00  1.53764111e-01  1.61500000e+00  3.92121670e+01  1.61500000e+00  3.80356914e-01 
 1.62000000e+00  2.57946252e+02  1.62000000e+00  1.42204530e+00  1.62000000e+00  1.54143576e-01  1.62000000e+00  3.91836201e+01  1.62000000e+00  3.81466480e-01 
 1.62500000e+00  2.59661614e+02  1.62500000e+00  1.41191494e+00  1.62500000e+00  1.54527425e-01  1.62500000e+00  3.91541864e+01  1.62500000e+00  3.82576234e-01 
 1.63000000e+00  2.61375944e+02  1.63000000e+00  1.40189270e+00  1.63000000e+00  1.54915681e-01  1.63000000e+00  3.91238730e+01  1.63000000e+00  3.83686227e-01 
 1.63500000e+00  2.63089207e+02  1.63500000e+00  1.39197686e+00  1.63500000e+00  1.55308368e-01  1.63500000e+00  3.90926869e+01  1.63500000e+00  3.84796506e-01 
 1.64000000e+00  2.64801368e+02  1.64000000e+00  1.38216574e+00  1.64000000e+00  1.55705511e-01  1.64000000e+00  3.90606350e+01  1.64000000e+00  3.85907120e-01 
 1.64500000e+00  2.66512390e+02  1.64500000e+00  1.37245770e+00  1.64500000e+00  1.56107135e-01  1.64500000e+00  3.90277239e+01  1.64500000e+00  3.87018115e-01 
 1.65000000e+00  2.68222239e+02  1.65000000e+00  1.36285114e+00  1.65000000e+00  1.56513267e-01  1.65000000e+00  3.89939601e+01  1.65000000e+00  3.88129538e-01 
 1.65500000e+00  2.69930881e+02  1.65500000e+00  1.35334446e+00  1.65500000e+00  1.56923934e-01  1.65500000e+00  3.89593499e+01  1.65500000e+00  3.89241435e-01 
 1.66000000e+00  2.71638281e+02  1.66000000e+00  1.34393612e+00  1.66000000e+00  1.57339163e-01  1.66000000e+00  3.89238994e+01  1.66000000e+00  3.90353851e-01 
 1.66500000e+00  2.73344405e+02  1.66500000e+00  1.33462461e+00  1.66500000e+00  1.57758985e-01  1.66500000e+00  3.88876145e+01  1.66500000e+00  3.91466831e-01 
 1.67000000e+00  2.75049221e+02  1.67000000e+00  1.32540844e+00  1.67000000e+00  1.58183429e-01  1.67000000e+00  3.88505009e+01  1.67000000e+00  3.92580418e-01 
 1.67500000e+00  2.76752695e+02  1.67500000e+00  1.31628613e+00  1.67500000e+00  1.58612525e-01  1.67500000e+00  3.88125642e+01  1.67500000e+00  3.93694655e-01 
 1.68000000e+00  2.78454794e+02  1.68000000e+00  1.30725628e+00  1.68000000e+00  1.59046305e-01  1.68000000e+00  3.87738098e+01  1.68000000e+00  3.94809586e-01 
 1.68500000e+00  2.80155486e+02  1.68500000e+00  1.29831745e+00  1.68500000e+00  1.59484801e-01  1.68500000e+00  3.87342429e+01  1.68500000e+00  3.95925252e-01 
 1.69000000e+00  2.81854739e+02  1.69000000e+00  1.28946829e+00  1.69000000e+00  1.59928046e-01  1.69000000e+00  3.86938684e+01  1.69000000e+00  3.97041695e-01 
 1.69500000e+00  2.83552520e+02  1.69500000e+00  1.28070744e+00  1.69500000e+00  1.60376075e-01  1.69500000e+00  3.86526913e+01  1.69500000e+00  3.98158955e-01 
 1.70000000e+00  2.85248799e+02  1.70000000e+00  1.27203357e+00  1.70000000e+00  1.60828921e-01  1.70000000e+00  3.86107161e+01  1.70000000e+00  3.99277073e-01 
 1.70500000e+00  2.86943545e+02  1.70500000e+00  1.26344537e+00  1.70500000e+00  1.61286622e-01  1.70500000e+00  3.85679473e+01  1.70500000e+00  4.00396089e-01 
 1.71000000e+00  2.88636725e+02  1.71000000e+00  1.25494158e+00  1.71000000e+00  1.61749213e-01  1.71000000e+00  3.85243893e+01  1.71000000e+00  4.01516041e-01 
 1.71500000e+00  2.90328310e+02  1.71500000e+00  1.24652093e+00  1.71500000e+00  1.62216732e-01  1.71500000e+00  3.84800462e+01  1.71500000e+00  4.02636969e-01 
 1.72000000e+00  2.92018270e+02  1.72000000e+00  1.23818220e+00  1.72000000e+00  1.62689218e-01  1.72000000e+00  3.84349218e+01  1.72000000e+00  4.03758909e-01 
 1.72500000e+00  2.93706573e+02  1.72500000e+00  1.22992417e+00  1.72500000e+00  1.63166708e-01  1.72500000e+00  3.83890201e+01  1.72500000e+00  4.04881900e-01 
 1.73000000e+00  2.95393191e+02  1.73000000e+00  1.22174566e+00  1.73000000e+00  1.63649244e-01  1.73000000e+00  3.83423445e+01  1.73000000e+00  4.06005979e-01 
 1.73500000e+00  2.97078094e+02  1.73500000e+00  1.21364551e+00  1.73500000e+00  1.64136867e-01  1.73500000e+00  3.82948986e+01  1.73500000e+00  4.07131182e-01 
 1.74000000e+00  2.98761253e+02  1.74000000e+00  1.20562256e+00  1.74000000e+00  1.64629618e-01  1.74000000e+00  3.82466855e+01  1.74000000e+00  4.08257544e-01 
 1.74500000e+00  3.00442639e+02  1.74500000e+00  1.19767570e+00  1.74500000e+00  1.65127539e-01  1.74500000e+00  3.81977084e+01  1.74500000e+00  4.09385102e-01 
 1.75000000e+00  3.02122222e+02  1.75000000e+00  1.18980381e+00  1.75000000e+00  1.65630676e-01  1.75000000e+00  3.81479702e+01  1.75000000e+00  4.10513890e-01 
 1.75500000e+00  3.03799975e+02  1.75500000e+00  1.18200583e+00  1.75500000e+00  1.66139071e-01  1.75500000e+00  3.80974736e+01  1.75500000e+00  4.11643943e-01 
 1.76000000e+00  3.05475869e+02  1.76000000e+00  1.17428066e+00  1.76000000e+00  1.66652772e-01  1.76000000e+00  3.80462213e+01  1.76000000e+00  4.12775294e-01 
 1.76500000e+00  3.07149876e+02  1.76500000e+00  1.16662728e+00  1.76500000e+00  1.67171823e-01  1.76500000e+00  3.79942156e+01  1.76500000e+00  4.13907977e-01 
 1.77000000e+00  3.08821968e+02  1.77000000e+00  1.15904466e+00  1.77000000e+00  1.67696273e-01  1.77000000e+00  3.79414589e+01  1.77000000e+00  4.15042025e-01 
 1.77500000e+00  3.10492119e+02  1.77500000e+00  1.15153177e+00  1.77500000e+00  1.68226170e-01  1.77500000e+00  3.78879532e+01  1.77500000e+00  4.16177470e-01 
 1.78000000e+00  3.12160299e+02  1.78000000e+00  1.14408763e+00  1.78000000e+00  1.68761563e-01  1.78000000e+00  3.78337006e+01  1.78000000e+00  4.17314345e-01 
 1.78500000e+00  3.13826483e+02  1.78500000e+00  1.13671125e+00  1.78500000e+00  1.69302502e-01  1.78500000e+00  3.77787028e+01  1.78500000e+00  4.18452681e-01 
 1.79000000e+00  3.15490644e+02  1.79000000e+00  1.12940169e+00  1.79000000e+00  1.69849039e-01  1.79000000e+00  3.77229615e+01  1.79000000e+00  4.19592508e-01 
 1.79500000e+00  3.17152754e+02  1.79500000e+00  1.12215799e+00  1.79500000e+00  1.70401225e-01  1.79500000e+00  3.76664782e+01  1.79500000e+00  4.20733859e-01 
 1.80000000e+00  3.18812788e+02  1.80000000e+00  1.11497922e+00  1.80000000e+00  1.70959115e-01  1.80000000e+00  3.76092543e+01  1.80000000e+00  4.21876763e-01 
