 0.00000000e+00 -7.69155989e-06  0.00000000e+00 -2.49506345e+01  0.00000000e+00 -3.22086314e+00  0.00000000e+00  5.78821731e-05  0.00000000e+00  4.42104246e-02 
-5.00000000e-03 -8.71140987e-06 -5.00000000e-03 -2.48515758e+01 -5.00000000e-03 -3.20771356e+00 -5.00000000e-03  6.53666334e-05 -5.00000000e-03  4.42105247e-02 
-1.00000000e-02 -9.86133584e-06 -1.00000000e-02 -2.47419014e+01 -1.00000000e-02 -3.19317619e+00 -1.00000000e-02  7.37457118e-05 -1.00000000e-02  4.42106376e-02 
-1.50000000e-02 -1.11566500e-05 -1.50000000e-02 -2.46220900e+01 -1.50000000e-02 -3.17731277e+00 -1.50000000e-02  8.31131760e-05 -1.50000000e-02  4.42107647e-02 
-2.00000000e-02 -1.26142400e-05 -2.00000000e-02 -2.44925793e+01 -2.00000000e-02 -3.16017975e+00 -2.00000000e-02  9.35704391e-05 -2.00000000e-02  4.42109077e-02 
-2.50000000e-02 -1.42526947e-05 -2.50000000e-02 -2.43537753e+01 -2.50000000e-02 -3.14182957e+00 -2.50000000e-02  1.05226861e-04 -2.50000000e-02  4.42110685e-02 
-3.00000000e-02 -1.60924336e-05 -3.00000000e-02 -2.42060618e+01 -3.00000000e-02 -3.12231190e+00 -3.00000000e-02  1.18200018e-04 -3.00000000e-02  4.42112491e-02 
-3.50000000e-02 -1.81558411e-05 -3.50000000e-02 -2.40498089e+01 -3.50000000e-02 -3.10167466e+00 -3.50000000e-02  1.32615950e-04 -3.50000000e-02  4.42114516e-02 
-4.00000000e-02 -2.04674047e-05 -4.00000000e-02 -2.38853801e+01 -4.00000000e-02 -3.07996504e+00 -4.00000000e-02  1.48609361e-04 -4.00000000e-02  4.42116784e-02 
-4.50000000e-02 -2.30538561e-05 -4.50000000e-02 -2.37131393e+01 -4.50000000e-02 -3.05723038e+00 -4.50000000e-02  1.66323795e-04 -4.50000000e-02  4.42119323e-02 
-5.00000000e-02 -2.59443153e-05 -5.00000000e-02 -2.35334565e+01 -5.00000000e-02 -3.03351888e+00 -5.00000000e-02  1.85911773e-04 -5.00000000e-02  4.42122159e-02 
-5.50000000e-02 -2.91704370e-05 -5.50000000e-02 -2.33467130e+01 -5.50000000e-02 -3.00888029e+00 -5.50000000e-02  2.07534907e-04 -5.50000000e-02  4.42125325e-02 
-6.00000000e-02 -3.27665590e-05 -6.00000000e-02 -2.31533051e+01 -6.00000000e-02 -2.98336642e+00 -6.00000000e-02  2.31363984e-04 -6.00000000e-02  4.42128854e-02 
-6.50000000e-02 -3.67698529e-05 -6.50000000e-02 -2.29536477e+01 -6.50000000e-02 -2.95703159e+00 -6.50000000e-02  2.57579033e-04 -6.50000000e-02  4.42132783e-02 
-7.00000000e-02 -4.12204761e-05 -7.00000000e-02 -2.27481766e+01 -7.00000000e-02 -2.92993287e+00 -7.00000000e-02  2.86369399e-04 -7.00000000e-02  4.42137150e-02 
-7.50000000e-02 -4.61617258e-05 -7.50000000e-02 -2.25373496e+01 -7.50000000e-02 -2.90213035e+00 -7.50000000e-02  3.17933811e-04 -7.50000000e-02  4.42141999e-02 
-8.00000000e-02 -5.16401957e-05 -8.00000000e-02 -2.23216479e+01 -8.00000000e-02 -2.87368716e+00 -8.00000000e-02  3.52480483e-04 -8.00000000e-02  4.42147374e-02 
-8.50000000e-02 -5.77059359e-05 -8.50000000e-02 -2.21015749e+01 -8.50000000e-02 -2.84466945e+00 -8.50000000e-02  3.90227260e-04 -8.50000000e-02  4.42153326e-02 
-9.00000000e-02 -6.44126164e-05 -9.00000000e-02 -2.18776561e+01 -9.00000000e-02 -2.81514627e+00 -9.00000000e-02  4.31401814e-04 -9.00000000e-02  4.42159907e-02 
-9.50000000e-02 -7.18176963e-05 -9.50000000e-02 -2.16504366e+01 -9.50000000e-02 -2.78518929e+00 -9.50000000e-02  4.76241933e-04 -9.50000000e-02  4.42167172e-02 
-1.00000000e-01 -7.99826001e-05 -1.00000000e-01 -2.14204790e+01 -1.00000000e-01 -2.75487252e+00 -1.00000000e-01  5.24995909e-04 -1.00000000e-01  4.42175183e-02 
-1.05000000e-01 -8.89729034e-05 -1.05000000e-01 -2.11883601e+01 -1.05000000e-01 -2.72427185e+00 -1.05000000e-01  5.77923047e-04 -1.05000000e-01  4.42184003e-02 
-1.10000000e-01 -9.88585298e-05 -1.10000000e-01 -2.09546674e+01 -1.10000000e-01 -2.69346458e+00 -1.10000000e-01  6.35294315e-04 -1.10000000e-01  4.42193702e-02 
-1.15000000e-01 -1.09713962e-04 -1.15000000e-01 -2.07199947e+01 -1.15000000e-01 -2.66252888e+00 -1.15000000e-01  6.97393158e-04 -1.15000000e-01  4.42204351e-02 
-1.20000000e-01 -1.21618469e-04 -1.20000000e-01 -2.04849381e+01 -1.20000000e-01 -2.63154323e+00 -1.20000000e-01  7.64516480e-04 -1.20000000e-01  4.42216029e-02 
-1.25000000e-01 -1.34656357e-04 -1.25000000e-01 -2.02500908e+01 -1.25000000e-01 -2.60058572e+00 -1.25000000e-01  8.36975813e-04 -1.25000000e-01  4.42228817e-02 
-1.30000000e-01 -1.48917240e-04 -1.30000000e-01 -2.00160388e+01 -1.30000000e-01 -2.56973352e+00 -1.30000000e-01  9.15098683e-04 -1.30000000e-01  4.42242805e-02 
-1.35000000e-01 -1.64496339e-04 -1.35000000e-01 -1.97833558e+01 -1.35000000e-01 -2.53906218e+00 -1.35000000e-01  9.99230171e-04 -1.35000000e-01  4.42258085e-02 
-1.40000000e-01 -1.81494811e-04 -1.40000000e-01 -1.95525987e+01 -1.40000000e-01 -2.50864505e+00 -1.40000000e-01  1.08973468e-03 -1.40000000e-01  4.42274755e-02 
-1.45000000e-01 -2.00020118e-04 -1.45000000e-01 -1.93243032e+01 -1.45000000e-01 -2.47855269e+00 -1.45000000e-01  1.18699788e-03 -1.45000000e-01  4.42292921e-02 
-1.50000000e-01 -2.20186422e-04 -1.50000000e-01 -1.90989796e+01 -1.50000000e-01 -2.44885230e+00 -1.50000000e-01  1.29142890e-03 -1.50000000e-01  4.42312695e-02 
-1.55000000e-01 -2.42115037e-04 -1.55000000e-01 -1.88771092e+01 -1.55000000e-01 -2.41960730e+00 -1.55000000e-01  1.40346262e-03 -1.55000000e-01  4.42334195e-02 
-1.60000000e-01 -2.65934912e-04 -1.60000000e-01 -1.86591412e+01 -1.60000000e-01 -2.39087683e+00 -1.60000000e-01  1.52356226e-03 -1.60000000e-01  4.42357546e-02 
-1.65000000e-01 -2.91783173e-04 -1.65000000e-01 -1.84454896e+01 -1.65000000e-01 -2.36271544e+00 -1.65000000e-01  1.65222200e-03 -1.65000000e-01  4.42382883e-02 
-1.70000000e-01 -3.19805708e-04 -1.70000000e-01 -1.82365316e+01 -1.70000000e-01 -2.33517281e+00 -1.70000000e-01  1.78996992e-03 -1.70000000e-01  4.42410349e-02 
-1.75000000e-01 -3.50157819e-04 -1.75000000e-01 -1.80326054e+01 -1.75000000e-01 -2.30829351e+00 -1.75000000e-01  1.93737093e-03 -1.75000000e-01  4.42440093e-02 
-1.80000000e-01 -3.83004919e-04 -1.80000000e-01 -1.78340098e+01 -1.80000000e-01 -2.28211689e+00 -1.80000000e-01  2.09503001e-03 -1.80000000e-01  4.42472278e-02 
-1.85000000e-01 -4.18523301e-04 -1.85000000e-01 -1.76410035e+01 -1.85000000e-01 -2.25667702e+00 -1.85000000e-01  2.26359545e-03 -1.85000000e-01  4.42507075e-02 
-1.90000000e-01 -4.56900973e-04 -1.90000000e-01 -1.74538053e+01 -1.90000000e-01 -2.23200271e+00 -1.90000000e-01  2.44376234e-03 -1.90000000e-01  4.42544667e-02 
-1.95000000e-01 -4.98338551e-04 -1.95000000e-01 -1.72725943e+01 -1.95000000e-01 -2.20811757e+00 -1.95000000e-01  2.63627614e-03 -1.95000000e-01  4.42585249e-02 
-2.00000000e-01 -5.43050240e-04 -2.00000000e-01 -1.70975116e+01 -2.00000000e-01 -2.18504018e+00 -2.00000000e-01  2.84193644e-03 -2.00000000e-01  4.42629029e-02 
-2.05000000e-01 -5.91264880e-04 -2.05000000e-01 -1.69286613e+01 -2.05000000e-01 -2.16278424e+00 -2.05000000e-01  3.06160083e-03 -2.05000000e-01  4.42676229e-02 
-2.10000000e-01 -6.43227079e-04 -2.10000000e-01 -1.67661125e+01 -2.10000000e-01 -2.14135883e+00 -2.10000000e-01  3.29618903e-03 -2.10000000e-01  4.42727086e-02 
-2.15000000e-01 -6.99198430e-04 -2.15000000e-01 -1.66099010e+01 -2.15000000e-01 -2.12076867e+00 -2.15000000e-01  3.54668706e-03 -2.15000000e-01  4.42781854e-02 
-2.20000000e-01 -7.59458819e-04 -2.20000000e-01 -1.64600320e+01 -2.20000000e-01 -2.10101445e+00 -2.20000000e-01  3.81415177e-03 -2.20000000e-01  4.42840803e-02 
-2.25000000e-01 -8.24307834e-04 -2.25000000e-01 -1.63164826e+01 -2.25000000e-01 -2.08209310e+00 -2.25000000e-01  4.09971546e-03 -2.25000000e-01  4.42904224e-02 
-2.30000000e-01 -8.94066267e-04 -2.30000000e-01 -1.61792036e+01 -2.30000000e-01 -2.06399816e+00 -2.30000000e-01  4.40459086e-03 -2.30000000e-01  4.42972424e-02 
-2.35000000e-01 -9.69077737e-04 -2.35000000e-01 -1.60481232e+01 -2.35000000e-01 -2.04672013e+00 -2.35000000e-01  4.73007629e-03 -2.35000000e-01  4.43045737e-02 
-2.40000000e-01 -1.04971043e-03 -2.40000000e-01 -1.59231485e+01 -2.40000000e-01 -2.03024677e+00 -2.40000000e-01  5.07756121e-03 -2.40000000e-01  4.43124517e-02 
-2.45000000e-01 -1.13635893e-03 -2.45000000e-01 -1.58041691e+01 -2.45000000e-01 -2.01456351e+00 -2.45000000e-01  5.44853201e-03 -2.45000000e-01  4.43209142e-02 
-2.50000000e-01 -1.22944629e-03 -2.50000000e-01 -1.56910587e+01 -2.50000000e-01 -1.99965370e+00 -2.50000000e-01  5.84457827e-03 -2.50000000e-01  4.43300019e-02 
-2.55000000e-01 -1.32942607e-03 -2.55000000e-01 -1.55836782e+01 -2.55000000e-01 -1.98549900e+00 -2.55000000e-01  6.26739938e-03 -2.55000000e-01  4.43397582e-02 
-2.60000000e-01 -1.43678473e-03 -2.60000000e-01 -1.54818778e+01 -2.60000000e-01 -1.97207964e+00 -2.60000000e-01  6.71881160e-03 -2.60000000e-01  4.43502298e-02 
-2.65000000e-01 -1.55204405e-03 -2.65000000e-01 -1.53854990e+01 -2.65000000e-01 -1.95937472e+00 -2.65000000e-01  7.20075562e-03 -2.65000000e-01  4.43614664e-02 
-2.70000000e-01 -1.67576379e-03 -2.70000000e-01 -1.52943767e+01 -2.70000000e-01 -1.94736249e+00 -2.70000000e-01  7.71530469e-03 -2.70000000e-01  4.43735213e-02 
-2.75000000e-01 -1.80854453e-03 -2.75000000e-01 -1.52083414e+01 -2.75000000e-01 -1.93602056e+00 -2.75000000e-01  8.26467330e-03 -2.75000000e-01  4.43864518e-02 
-2.80000000e-01 -1.95103075e-03 -2.80000000e-01 -1.51272204e+01 -2.80000000e-01 -1.92532618e+00 -2.80000000e-01  8.85122648e-03 -2.80000000e-01  4.44003189e-02 
-2.85000000e-01 -2.10391411e-03 -2.85000000e-01 -1.50508397e+01 -2.85000000e-01 -1.91525640e+00 -2.85000000e-01  9.47748991e-03 -2.85000000e-01  4.44151881e-02 
-2.90000000e-01 -2.26793698e-03 -2.90000000e-01 -1.49790253e+01 -2.90000000e-01 -1.90578827e+00 -2.90000000e-01  1.01461606e-02 -2.90000000e-01  4.44311295e-02 
-2.95000000e-01 -2.44389627e-03 -2.95000000e-01 -1.49116045e+01 -2.95000000e-01 -1.89689902e+00 -2.95000000e-01  1.08601186e-02 -2.95000000e-01  4.44482181e-02 
-3.00000000e-01 -2.63264751e-03 -3.00000000e-01 -1.48484070e+01 -3.00000000e-01 -1.88856617e+00 -3.00000000e-01  1.16224396e-02 -3.00000000e-01  4.44665342e-02 
-3.05000000e-01 -2.83510930e-03 -3.05000000e-01 -1.47892656e+01 -3.05000000e-01 -1.88076769e+00 -3.05000000e-01  1.24364081e-02 -3.05000000e-01  4.44861638e-02 
-3.10000000e-01 -3.05226806e-03 -3.10000000e-01 -1.47340176e+01 -3.10000000e-01 -1.87348211e+00 -3.10000000e-01  1.33055324e-02 -3.10000000e-01  4.45071988e-02 
-3.15000000e-01 -3.28518314e-03 -3.15000000e-01 -1.46825049e+01 -3.15000000e-01 -1.86668857e+00 -3.15000000e-01  1.42335601e-02 -3.15000000e-01  4.45297378e-02 
-3.20000000e-01 -3.53499243e-03 -3.20000000e-01 -1.46345750e+01 -3.20000000e-01 -1.86036694e+00 -3.20000000e-01  1.52244954e-02 -3.20000000e-01  4.45538859e-02 
-3.25000000e-01 -3.80291830e-03 -3.25000000e-01 -1.45900813e+01 -3.25000000e-01 -1.85449791e+00 -3.25000000e-01  1.62826169e-02 -3.25000000e-01  4.45797559e-02 
-3.30000000e-01 -4.09027408e-03 -3.30000000e-01 -1.45488836e+01 -3.30000000e-01 -1.84906295e+00 -3.30000000e-01  1.74124986e-02 -3.30000000e-01  4.46074683e-02 
-3.35000000e-01 -4.39847103e-03 -3.35000000e-01 -1.45108484e+01 -3.35000000e-01 -1.84404446e+00 -3.35000000e-01  1.86190304e-02 -3.35000000e-01  4.46371520e-02 
-3.40000000e-01 -4.72902594e-03 -3.40000000e-01 -1.44758492e+01 -3.40000000e-01 -1.83942573e+00 -3.40000000e-01  1.99074424e-02 -3.40000000e-01  4.46689448e-02 
-3.45000000e-01 -5.08356927e-03 -3.45000000e-01 -1.44437664e+01 -3.45000000e-01 -1.83519100e+00 -3.45000000e-01  2.12833300e-02 -3.45000000e-01  4.47029942e-02 
-3.50000000e-01 -5.46385402e-03 -3.50000000e-01 -1.44144879e+01 -3.50000000e-01 -1.83132544e+00 -3.50000000e-01  2.27526817e-02 -3.50000000e-01  4.47394577e-02 
-3.55000000e-01 -5.87176530e-03 -3.55000000e-01 -1.43879088e+01 -3.55000000e-01 -1.82781519e+00 -3.55000000e-01  2.43219090e-02 -3.55000000e-01  4.47785036e-02 
-3.60000000e-01 -6.30933072e-03 -3.60000000e-01 -1.43639313e+01 -3.60000000e-01 -1.82464738e+00 -3.60000000e-01  2.59978795e-02 -3.60000000e-01  4.48203121e-02 
-3.65000000e-01 -6.77873166e-03 -3.65000000e-01 -1.43424652e+01 -3.65000000e-01 -1.82181005e+00 -3.65000000e-01  2.77879522e-02 -3.65000000e-01  4.48650753e-02 
-3.70000000e-01 -7.28231549e-03 -3.70000000e-01 -1.43234274e+01 -3.70000000e-01 -1.81929221e+00 -3.70000000e-01  2.97000166e-02 -3.70000000e-01  4.49129987e-02 
-3.75000000e-01 -7.82260882e-03 -3.75000000e-01 -1.43067418e+01 -3.75000000e-01 -1.81708383e+00 -3.75000000e-01  3.17425349e-02 -3.75000000e-01  4.49643016e-02 
-3.80000000e-01 -8.40233191e-03 -3.80000000e-01 -1.42923394e+01 -3.80000000e-01 -1.81517576e+00 -3.80000000e-01  3.39245882e-02 -3.80000000e-01  4.50192182e-02 
-3.85000000e-01 -9.02441433e-03 -3.85000000e-01 -1.42801580e+01 -3.85000000e-01 -1.81355978e+00 -3.85000000e-01  3.62559273e-02 -3.85000000e-01  4.50779985e-02 
-3.90000000e-01 -9.69201197e-03 -3.90000000e-01 -1.42701420e+01 -3.90000000e-01 -1.81222851e+00 -3.90000000e-01  3.87470271e-02 -3.90000000e-01  4.51409094e-02 
-3.95000000e-01 -1.04085255e-02 -3.95000000e-01 -1.42622422e+01 -3.95000000e-01 -1.81117544e+00 -3.95000000e-01  4.14091475e-02 -3.95000000e-01  4.52082355e-02 
-4.00000000e-01 -1.11776207e-02 -4.00000000e-01 -1.42564156e+01 -4.00000000e-01 -1.81039487e+00 -4.00000000e-01  4.42543986e-02 -4.00000000e-01  4.52802802e-02 
-4.05000000e-01 -1.20032502e-02 -4.05000000e-01 -1.42526251e+01 -4.05000000e-01 -1.80988185e+00 -4.05000000e-01  4.72958129e-02 -4.05000000e-01  4.53573673e-02 
-4.10000000e-01 -1.28896773e-02 -4.10000000e-01 -1.42508391e+01 -4.10000000e-01 -1.80963219e+00 -4.10000000e-01  5.05474236e-02 -4.10000000e-01  4.54398417e-02 
-4.15000000e-01 -1.38415025e-02 -4.15000000e-01 -1.42510314e+01 -4.15000000e-01 -1.80964239e+00 -4.15000000e-01  5.40243505e-02 -4.15000000e-01  4.55280708e-02 
-4.20000000e-01 -1.48636914e-02 -4.20000000e-01 -1.42531804e+01 -4.20000000e-01 -1.80990958e+00 -4.20000000e-01  5.77428938e-02 -4.20000000e-01  4.56224461e-02 
-4.25000000e-01 -1.59616060e-02 -4.25000000e-01 -1.42572693e+01 -4.25000000e-01 -1.81043148e+00 -4.25000000e-01  6.17206366e-02 -4.25000000e-01  4.57233840e-02 
-4.30000000e-01 -1.71410384e-02 -4.30000000e-01 -1.42632851e+01 -4.30000000e-01 -1.81120635e+00 -4.30000000e-01  6.59765565e-02 -4.30000000e-01  4.58313279e-02 
-4.35000000e-01 -1.84082476e-02 -4.35000000e-01 -1.42712184e+01 -4.35000000e-01 -1.81223290e+00 -4.35000000e-01  7.05311480e-02 -4.35000000e-01  4.59467492e-02 
-4.40000000e-01 -1.97700003e-02 -4.40000000e-01 -1.42810627e+01 -4.40000000e-01 -1.81351025e+00 -4.40000000e-01  7.54065556e-02 -4.40000000e-01  4.60701490e-02 
-4.45000000e-01 -2.12336145e-02 -4.45000000e-01 -1.42928139e+01 -4.45000000e-01 -1.81503782e+00 -4.45000000e-01  8.06267185e-02 -4.45000000e-01  4.62020595e-02 
-4.50000000e-01 -2.28070074e-02 -4.50000000e-01 -1.43064697e+01 -4.50000000e-01 -1.81681525e+00 -4.50000000e-01  8.62175290e-02 -4.50000000e-01  4.63430461e-02 
-4.55000000e-01 -2.44987487e-02 -4.55000000e-01 -1.43220285e+01 -4.55000000e-01 -1.81884232e+00 -4.55000000e-01  9.22070037e-02 -4.55000000e-01  4.64937082e-02 
-4.60000000e-01 -2.63181171e-02 -4.60000000e-01 -1.43394890e+01 -4.60000000e-01 -1.82111884e+00 -4.60000000e-01  9.86254696e-02 -4.60000000e-01  4.66546818e-02 
-4.65000000e-01 -2.82751635e-02 -4.65000000e-01 -1.43588494e+01 -4.65000000e-01 -1.82364452e+00 -4.65000000e-01  1.05505766e-01 -4.65000000e-01  4.68266406e-02 
-4.70000000e-01 -3.03807790e-02 -4.70000000e-01 -1.43801058e+01 -4.70000000e-01 -1.82641884e+00 -4.70000000e-01  1.12883464e-01 -4.70000000e-01  4.70102977e-02 
-4.75000000e-01 -3.26467698e-02 -4.75000000e-01 -1.44032518e+01 -4.75000000e-01 -1.82944096e+00 -4.75000000e-01  1.20797099e-01 -4.75000000e-01  4.72064078e-02 
-4.80000000e-01 -3.50859383e-02 -4.80000000e-01 -1.44282770e+01 -4.80000000e-01 -1.83270951e+00 -4.80000000e-01  1.29288425e-01 -4.80000000e-01  4.74157681e-02 
-4.85000000e-01 -3.77121718e-02 -4.85000000e-01 -1.44551661e+01 -4.85000000e-01 -1.83622245e+00 -4.85000000e-01  1.38402688e-01 -4.85000000e-01  4.76392207e-02 
-4.90000000e-01 -4.05405393e-02 -4.90000000e-01 -1.44838970e+01 -4.90000000e-01 -1.83997693e+00 -4.90000000e-01  1.48188913e-01 -4.90000000e-01  4.78776535e-02 
-4.95000000e-01 -4.35873959e-02 -4.95000000e-01 -1.45144402e+01 -4.95000000e-01 -1.84396906e+00 -4.95000000e-01  1.58700218e-01 -4.95000000e-01  4.81320023e-02 
-5.00000000e-01 -4.68704977e-02 -5.00000000e-01 -1.45467564e+01 -5.00000000e-01 -1.84819372e+00 -5.00000000e-01  1.69994134e-01 -5.00000000e-01  4.84032519e-02 
-5.05000000e-01 -5.04091249e-02 -5.05000000e-01 -1.45807957e+01 -5.05000000e-01 -1.85264440e+00 -5.05000000e-01  1.82132960e-01 -5.05000000e-01  4.86924372e-02 
-5.10000000e-01 -5.42242163e-02 -5.10000000e-01 -1.46164955e+01 -5.10000000e-01 -1.85731292e+00 -5.10000000e-01  1.95184119e-01 -5.10000000e-01  4.90006446e-02 
-5.15000000e-01 -5.83385144e-02 -5.15000000e-01 -1.46537788e+01 -5.15000000e-01 -1.86218926e+00 -5.15000000e-01  2.09220539e-01 -5.15000000e-01  4.93290131e-02 
-5.20000000e-01 -6.27767214e-02 -5.20000000e-01 -1.46925528e+01 -5.20000000e-01 -1.86726130e+00 -5.20000000e-01  2.24321042e-01 -5.20000000e-01  4.96787343e-02 
-5.25000000e-01 -6.75656686e-02 -5.25000000e-01 -1.47327069e+01 -5.25000000e-01 -1.87251462e+00 -5.25000000e-01  2.40570750e-01 -5.25000000e-01  5.00510535e-02 
-5.30000000e-01 -7.27344962e-02 -5.30000000e-01 -1.47741111e+01 -5.30000000e-01 -1.87793226e+00 -5.30000000e-01  2.58061486e-01 -5.30000000e-01  5.04472695e-02 
-5.35000000e-01 -7.83148483e-02 -5.35000000e-01 -1.48166141e+01 -5.35000000e-01 -1.88349450e+00 -5.35000000e-01  2.76892187e-01 -5.35000000e-01  5.08687344e-02 
-5.40000000e-01 -8.43410783e-02 -5.40000000e-01 -1.48600420e+01 -5.40000000e-01 -1.88917867e+00 -5.40000000e-01  2.97169301e-01 -5.40000000e-01  5.13168530e-02 
-5.45000000e-01 -9.08504698e-02 -5.45000000e-01 -1.49041968e+01 -5.45000000e-01 -1.89495894e+00 -5.45000000e-01  3.19007185e-01 -5.45000000e-01  5.17930817e-02 
-5.50000000e-01 -9.78834686e-02 -5.50000000e-01 -1.49488550e+01 -5.50000000e-01 -1.90080619e+00 -5.50000000e-01  3.42528469e-01 -5.50000000e-01  5.22989267e-02 
-5.55000000e-01 -1.05483928e-01 -5.55000000e-01 -1.49937667e+01 -5.55000000e-01 -1.90668782e+00 -5.55000000e-01  3.67864395e-01 -5.55000000e-01  5.28359423e-02 
-5.60000000e-01 -1.13699366e-01 -5.60000000e-01 -1.50386547e+01 -5.60000000e-01 -1.91256774e+00 -5.60000000e-01  3.95155112e-01 -5.60000000e-01  5.34057276e-02 
-5.65000000e-01 -1.22581233e-01 -5.65000000e-01 -1.50832146e+01 -5.65000000e-01 -1.91840622e+00 -5.65000000e-01  4.24549916e-01 -5.65000000e-01  5.40099236e-02 
-5.70000000e-01 -1.32185189e-01 -5.70000000e-01 -1.51271141e+01 -5.70000000e-01 -1.92415997e+00 -5.70000000e-01  4.56207421e-01 -5.70000000e-01  5.46502089e-02 
-5.75000000e-01 -1.42571390e-01 -5.75000000e-01 -1.51699939e+01 -5.75000000e-01 -1.92978220e+00 -5.75000000e-01  4.90295641e-01 -5.75000000e-01  5.53282948e-02 
-5.80000000e-01 -1.53804776e-01 -5.80000000e-01 -1.52114688e+01 -5.80000000e-01 -1.93522269e+00 -5.80000000e-01  5.26991972e-01 -5.80000000e-01  5.60459198e-02 
-5.85000000e-01 -1.65955367e-01 -5.85000000e-01 -1.52511288e+01 -5.85000000e-01 -1.94042805e+00 -5.85000000e-01  5.66483058e-01 -5.85000000e-01  5.68048434e-02 
-5.90000000e-01 -1.79098552e-01 -5.90000000e-01 -1.52885418e+01 -5.90000000e-01 -1.94534198e+00 -5.90000000e-01  6.08964509e-01 -5.90000000e-01  5.76068388e-02 
-5.95000000e-01 -1.93315382e-01 -5.95000000e-01 -1.53232557e+01 -5.95000000e-01 -1.94990562e+00 -5.95000000e-01  6.54640482e-01 -5.95000000e-01  5.84536849e-02 
-6.00000000e-01 -2.08692844e-01 -6.00000000e-01 -1.53548021e+01 -6.00000000e-01 -1.95405802e+00 -6.00000000e-01  7.03723071e-01 -6.00000000e-01  5.93471576e-02 
-6.05000000e-01 -2.25324129e-01 -6.05000000e-01 -1.53827004e+01 -6.05000000e-01 -1.95773660e+00 -6.05000000e-01  7.56431525e-01 -6.05000000e-01  6.02890204e-02 
-6.10000000e-01 -2.43308878e-01 -6.10000000e-01 -1.54064619e+01 -6.10000000e-01 -1.96087779e+00 -6.10000000e-01  8.12991259e-01 -6.10000000e-01  6.12810141e-02 
-6.15000000e-01 -2.62753400e-01 -6.15000000e-01 -1.54255950e+01 -6.15000000e-01 -1.96341769e+00 -6.15000000e-01  8.73632656e-01 -6.15000000e-01  6.23248459e-02 
-6.20000000e-01 -2.83770865e-01 -6.20000000e-01 -1.54396109e+01 -6.20000000e-01 -1.96529274e+00 -6.20000000e-01  9.38589655e-01 -6.20000000e-01  6.34221778e-02 
-6.25000000e-01 -3.06481449e-01 -6.25000000e-01 -1.54480293e+01 -6.25000000e-01 -1.96644055e+00 -6.25000000e-01  1.00809812e+00 -6.25000000e-01  6.45746152e-02 
-6.30000000e-01 -3.31012443e-01 -6.30000000e-01 -1.54503844e+01 -6.30000000e-01 -1.96680067e+00 -6.30000000e-01  1.08239399e+00 -6.30000000e-01  6.57836942e-02 
-6.35000000e-01 -3.57498308e-01 -6.35000000e-01 -1.54462315e+01 -6.35000000e-01 -1.96631541e+00 -6.35000000e-01  1.16171126e+00 -6.35000000e-01  6.70508694e-02 
-6.40000000e-01 -3.86080663e-01 -6.40000000e-01 -1.54351529e+01 -6.40000000e-01 -1.96493067e+00 -6.40000000e-01  1.24627971e+00 -6.40000000e-01  6.83775014e-02 
-6.45000000e-01 -4.16908225e-01 -6.45000000e-01 -1.54167644e+01 -6.45000000e-01 -1.96259673e+00 -6.45000000e-01  1.33632257e+00 -6.45000000e-01  6.97648444e-02 
-6.50000000e-01 -4.50136663e-01 -6.50000000e-01 -1.53907207e+01 -6.50000000e-01 -1.95926901e+00 -6.50000000e-01  1.43205397e+00 -6.50000000e-01  7.12140346e-02 
-6.55000000e-01 -4.85928390e-01 -6.55000000e-01 -1.53567212e+01 -6.55000000e-01 -1.95490878e+00 -6.55000000e-01  1.53367636e+00 -6.55000000e-01  7.27260781e-02 
-6.60000000e-01 -5.24452268e-01 -6.60000000e-01 -1.53145147e+01 -6.60000000e-01 -1.94948379e+00 -6.60000000e-01  1.64137789e+00 -6.60000000e-01  7.43018408e-02 
-6.65000000e-01 -5.65883240e-01 -6.65000000e-01 -1.52639033e+01 -6.65000000e-01 -1.94296879e+00 -6.65000000e-01  1.75532977e+00 -6.65000000e-01  7.59420385e-02 
-6.70000000e-01 -6.10401880e-01 -6.70000000e-01 -1.52047458e+01 -6.70000000e-01 -1.93534598e+00 -6.70000000e-01  1.87568374e+00 -6.70000000e-01  7.76472277e-02 
-6.75000000e-01 -6.58193862e-01 -6.75000000e-01 -1.51369602e+01 -6.75000000e-01 -1.92660527e+00 -6.75000000e-01  2.00256964e+00 -6.75000000e-01  7.94177991e-02 
-6.80000000e-01 -7.09449357e-01 -6.80000000e-01 -1.50605251e+01 -6.80000000e-01 -1.91674453e+00 -6.80000000e-01  2.13609321e+00 -6.80000000e-01  8.12539708e-02 
-6.85000000e-01 -7.64362354e-01 -6.85000000e-01 -1.49754799e+01 -6.85000000e-01 -1.90576957e+00 -6.85000000e-01  2.27633406e+00 -6.85000000e-01  8.31557844e-02 
-6.90000000e-01 -8.23129920e-01 -6.90000000e-01 -1.48819242e+01 -6.90000000e-01 -1.89369410e+00 -6.90000000e-01  2.42334403e+00 -6.90000000e-01  8.51231023e-02 
-6.95000000e-01 -8.85951404e-01 -6.95000000e-01 -1.47800167e+01 -6.95000000e-01 -1.88053951e+00 -6.95000000e-01  2.57714583e+00 -6.95000000e-01  8.71556065e-02 
-7.00000000e-01 -9.53027591e-01 -7.00000000e-01 -1.46699721e+01 -7.00000000e-01 -1.86633453e+00 -7.00000000e-01  2.73773211e+00 -7.00000000e-01  8.92527996e-02 
-7.05000000e-01 -1.02455982e+00 -7.05000000e-01 -1.45520580e+01 -7.05000000e-01 -1.85111479e+00 -7.05000000e-01  2.90506491e+00 -7.05000000e-01  9.14140076e-02 
-7.10000000e-01 -1.10074909e+00 -7.10000000e-01 -1.44265911e+01 -7.10000000e-01 -1.83492229e+00 -7.10000000e-01  3.07907559e+00 -7.10000000e-01  9.36383836e-02 
-7.15000000e-01 -1.18179514e+00 -7.15000000e-01 -1.42939317e+01 -7.15000000e-01 -1.81780476e+00 -7.15000000e-01  3.25966512e+00 -7.15000000e-01  9.59249146e-02 
-7.20000000e-01 -1.26789552e+00 -7.20000000e-01 -1.41544795e+01 -7.20000000e-01 -1.79981499e+00 -7.20000000e-01  3.44670493e+00 -7.20000000e-01  9.82724283e-02 
-7.25000000e-01 -1.35924474e+00 -7.25000000e-01 -1.40086669e+01 -7.25000000e-01 -1.78101006e+00 -7.25000000e-01  3.64003804e+00 -7.25000000e-01  1.00679603e-01 
-7.30000000e-01 -1.45603335e+00 -7.30000000e-01 -1.38569542e+01 -7.30000000e-01 -1.76145063e+00 -7.30000000e-01  3.83948065e+00 -7.30000000e-01  1.03144976e-01 
-7.35000000e-01 -1.55844715e+00 -7.35000000e-01 -1.36998229e+01 -7.35000000e-01 -1.74120010e+00 -7.35000000e-01  4.04482412e+00 -7.35000000e-01  1.05666957e-01 
-7.40000000e-01 -1.66666638e+00 -7.40000000e-01 -1.35377702e+01 -7.40000000e-01 -1.72032388e+00 -7.40000000e-01  4.25583712e+00 -7.40000000e-01  1.08243839e-01 
-7.45000000e-01 -1.78086505e+00 -7.45000000e-01 -1.33713031e+01 -7.45000000e-01 -1.69888863e+00 -7.45000000e-01  4.47226814e+00 -7.45000000e-01  1.10873812e-01 
-7.50000000e-01 -1.90121024e+00 -7.50000000e-01 -1.32009330e+01 -7.50000000e-01 -1.67696151e+00 -7.50000000e-01  4.69384818e+00 -7.50000000e-01  1.13554975e-01 
-7.55000000e-01 -2.02786154e+00 -7.55000000e-01 -1.30271706e+01 -7.55000000e-01 -1.65460955e+00 -7.55000000e-01  4.92029347e+00 -7.55000000e-01  1.16285349e-01 
-7.60000000e-01 -2.16097059e+00 -7.60000000e-01 -1.28505209e+01 -7.60000000e-01 -1.63189900e+00 -7.60000000e-01  5.15130839e+00 -7.60000000e-01  1.19062893e-01 
-7.65000000e-01 -2.30068062e+00 -7.65000000e-01 -1.26714792e+01 -7.65000000e-01 -1.60889476e+00 -7.65000000e-01  5.38658831e+00 -7.65000000e-01  1.21885514e-01 
-7.70000000e-01 -2.44712614e+00 -7.70000000e-01 -1.24905270e+01 -7.70000000e-01 -1.58565992e+00 -7.70000000e-01  5.62582241e+00 -7.70000000e-01  1.24751085e-01 
-7.75000000e-01 -2.60043269e+00 -7.75000000e-01 -1.23081290e+01 -7.75000000e-01 -1.56225531e+00 -7.75000000e-01  5.86869641e+00 -7.75000000e-01  1.27657450e-01 
-7.80000000e-01 -2.76071668e+00 -7.80000000e-01 -1.21247302e+01 -7.80000000e-01 -1.53873913e+00 -7.80000000e-01  6.11489521e+00 -7.80000000e-01  1.30602445e-01 
-7.85000000e-01 -2.92808530e+00 -7.85000000e-01 -1.19407538e+01 -7.85000000e-01 -1.51516666e+00 -7.85000000e-01  6.36410527e+00 -7.85000000e-01  1.33583900e-01 
-7.90000000e-01 -3.10263650e+00 -7.90000000e-01 -1.17565990e+01 -7.90000000e-01 -1.49159009e+00 -7.90000000e-01  6.61601684e+00 -7.90000000e-01  1.36599658e-01 
-7.95000000e-01 -3.28445903e+00 -7.95000000e-01 -1.15726403e+01 -7.95000000e-01 -1.46805824e+00 -7.95000000e-01  6.87032602e+00 -7.95000000e-01  1.39647579e-01 
-8.00000000e-01 -3.47363257e+00 -8.00000000e-01 -1.13892264e+01 -8.00000000e-01 -1.44461659e+00 -8.00000000e-01  7.12673649e+00 -8.00000000e-01  1.42725549e-01 
-8.05000000e-01 -3.67022791e+00 -8.05000000e-01 -1.12066796e+01 -8.05000000e-01 -1.42130709e+00 -8.05000000e-01  7.38496109e+00 -8.05000000e-01  1.45831493e-01 
-8.10000000e-01 -3.87430713e+00 -8.10000000e-01 -1.10252958e+01 -8.10000000e-01 -1.39816824e+00 -8.10000000e-01  7.64472307e+00 -8.10000000e-01  1.48963374e-01 
-8.15000000e-01 -4.08592389e+00 -8.15000000e-01 -1.08453449e+01 -8.15000000e-01 -1.37523510e+00 -8.15000000e-01  7.90575721e+00 -8.15000000e-01  1.52119207e-01 
-8.20000000e-01 -4.30512373e+00 -8.20000000e-01 -1.06670710e+01 -8.20000000e-01 -1.35253933e+00 -8.20000000e-01  8.16781062e+00 -8.20000000e-01  1.55297058e-01 
-8.25000000e-01 -4.53194436e+00 -8.25000000e-01 -1.04906930e+01 -8.25000000e-01 -1.33010930e+00 -8.25000000e-01  8.43064339e+00 -8.25000000e-01  1.58495052e-01 
-8.30000000e-01 -4.76641605e+00 -8.30000000e-01 -1.03164060e+01 -8.30000000e-01 -1.30797021e+00 -8.30000000e-01  8.69402897e+00 -8.30000000e-01  1.61711374e-01 
-8.35000000e-01 -5.00856195e+00 -8.35000000e-01 -1.01443819e+01 -8.35000000e-01 -1.28614422e+00 -8.35000000e-01  8.95775445e+00 -8.35000000e-01  1.64944274e-01 
-8.40000000e-01 -5.25839850e+00 -8.40000000e-01 -9.97477049e+00 -8.40000000e-01 -1.26465062e+00 -8.40000000e-01  9.22162063e+00 -8.40000000e-01  1.68192068e-01 
-8.45000000e-01 -5.51593580e+00 -8.45000000e-01 -9.80770104e+00 -8.45000000e-01 -1.24350597e+00 -8.45000000e-01  9.48544191e+00 -8.45000000e-01  1.71453138e-01 
-8.50000000e-01 -5.78117797e+00 -8.50000000e-01 -9.64328324e+00 -8.50000000e-01 -1.22272428e+00 -8.50000000e-01  9.74904614e+00 -8.50000000e-01  1.74725937e-01 
-8.55000000e-01 -6.05412355e+00 -8.55000000e-01 -9.48160864e+00 -8.55000000e-01 -1.20231717e+00 -8.55000000e-01  1.00122743e+01 -8.55000000e-01  1.78008984e-01 
-8.60000000e-01 -6.33476590e+00 -8.60000000e-01 -9.32275196e+00 -8.60000000e-01 -1.18229406e+00 -8.60000000e-01  1.02749801e+01 -8.60000000e-01  1.81300869e-01 
-8.65000000e-01 -6.62309351e+00 -8.65000000e-01 -9.16677235e+00 -8.65000000e-01 -1.16266235e+00 -8.65000000e-01  1.05370294e+01 -8.65000000e-01  1.84600247e-01 
-8.70000000e-01 -6.91909040e+00 -8.70000000e-01 -9.01371470e+00 -8.70000000e-01 -1.14342755e+00 -8.70000000e-01  1.07983000e+01 -8.70000000e-01  1.87905842e-01 
-8.75000000e-01 -7.22273646e+00 -8.75000000e-01 -8.86361085e+00 -8.75000000e-01 -1.12459347e+00 -8.75000000e-01  1.10586807e+01 -8.75000000e-01  1.91216443e-01 
-8.80000000e-01 -7.53400776e+00 -8.80000000e-01 -8.71648080e+00 -8.80000000e-01 -1.10616238e+00 -8.80000000e-01  1.13180708e+01 -8.80000000e-01  1.94530905e-01 
-8.85000000e-01 -7.85287688e+00 -8.85000000e-01 -8.57233383e+00 -8.85000000e-01 -1.08813516e+00 -8.85000000e-01  1.15763799e+01 -8.85000000e-01  1.97848144e-01 
-8.90000000e-01 -8.17931320e+00 -8.90000000e-01 -8.43116962e+00 -8.90000000e-01 -1.07051142e+00 -8.90000000e-01  1.18335264e+01 -8.90000000e-01  2.01167138e-01 
-8.95000000e-01 -8.51328321e+00 -8.95000000e-01 -8.29297921e+00 -8.95000000e-01 -1.05328966e+00 -8.95000000e-01  1.20894377e+01 -8.95000000e-01  2.04486922e-01 
-9.00000000e-01 -8.85475073e+00 -9.00000000e-01 -8.15774600e+00 -9.00000000e-01 -1.03646739e+00 -9.00000000e-01  1.23440492e+01 -9.00000000e-01  2.07806590e-01 
-9.05000000e-01 -9.20367720e+00 -9.05000000e-01 -8.02544662e+00 -9.05000000e-01 -1.02004122e+00 -9.05000000e-01  1.25973037e+01 -9.05000000e-01  2.11125291e-01 
-9.10000000e-01 -9.56002190e+00 -9.10000000e-01 -7.89605179e+00 -9.10000000e-01 -1.00400702e+00 -9.10000000e-01  1.28491508e+01 -9.10000000e-01  2.14442225e-01 
-9.15000000e-01 -9.92374214e+00 -9.15000000e-01 -7.76952703e+00 -9.15000000e-01 -9.88359985e-01 -9.15000000e-01  1.30995465e+01 -9.15000000e-01  2.17756642e-01 
-9.20000000e-01 -1.02947935e+01 -9.20000000e-01 -7.64583341e+00 -9.20000000e-01 -9.73094718e-01 -9.20000000e-01  1.33484524e+01 -9.20000000e-01  2.21067843e-01 
-9.25000000e-01 -1.06731301e+01 -9.25000000e-01 -7.52492817e+00 -9.25000000e-01 -9.58205347e-01 -9.25000000e-01  1.35958353e+01 -9.25000000e-01  2.24375172e-01 
-9.30000000e-01 -1.10587044e+01 -9.30000000e-01 -7.40676531e+00 -9.30000000e-01 -9.43685580e-01 -9.30000000e-01  1.38416669e+01 -9.30000000e-01  2.27678018e-01 
-9.35000000e-01 -1.14514679e+01 -9.35000000e-01 -7.29129615e+00 -9.35000000e-01 -9.29528782e-01 -9.35000000e-01  1.40859228e+01 -9.35000000e-01  2.30975813e-01 
-9.40000000e-01 -1.18513710e+01 -9.40000000e-01 -7.17846977e+00 -9.40000000e-01 -9.15728038e-01 -9.40000000e-01  1.43285827e+01 -9.40000000e-01  2.34268025e-01 
-9.45000000e-01 -1.22583629e+01 -9.45000000e-01 -7.06823349e+00 -9.45000000e-01 -9.02276210e-01 -9.45000000e-01  1.45696295e+01 -9.45000000e-01  2.37554163e-01 
-9.50000000e-01 -1.26723922e+01 -9.50000000e-01 -6.96053325e+00 -9.50000000e-01 -8.89165987e-01 -9.50000000e-01  1.48090493e+01 -9.50000000e-01  2.40833770e-01 
-9.55000000e-01 -1.30934068e+01 -9.55000000e-01 -6.85531393e+00 -9.55000000e-01 -8.76389933e-01 -9.55000000e-01  1.50468305e+01 -9.55000000e-01  2.44106423e-01 
-9.60000000e-01 -1.35213537e+01 -9.60000000e-01 -6.75251972e+00 -9.60000000e-01 -8.63940527e-01 -9.60000000e-01  1.52829644e+01 -9.60000000e-01  2.47371731e-01 
-9.65000000e-01 -1.39561797e+01 -9.65000000e-01 -6.65209437e+00 -9.65000000e-01 -8.51810199e-01 -9.65000000e-01  1.55174438e+01 -9.65000000e-01  2.50629333e-01 
-9.70000000e-01 -1.43978308e+01 -9.70000000e-01 -6.55398141e+00 -9.70000000e-01 -8.39991365e-01 -9.70000000e-01  1.57502635e+01 -9.70000000e-01  2.53878895e-01 
-9.75000000e-01 -1.48462529e+01 -9.75000000e-01 -6.45812443e+00 -9.75000000e-01 -8.28476450e-01 -9.75000000e-01  1.59814200e+01 -9.75000000e-01  2.57120113e-01 
-9.80000000e-01 -1.53013914e+01 -9.80000000e-01 -6.36446722e+00 -9.80000000e-01 -8.17257917e-01 -9.80000000e-01  1.62109108e+01 -9.80000000e-01  2.60352704e-01 
-9.85000000e-01 -1.57631916e+01 -9.85000000e-01 -6.27295396e+00 -9.85000000e-01 -8.06328290e-01 -9.85000000e-01  1.64387346e+01 -9.85000000e-01  2.63576412e-01 
-9.90000000e-01 -1.62315983e+01 -9.90000000e-01 -6.18352934e+00 -9.90000000e-01 -7.95680167e-01 -9.90000000e-01  1.66648911e+01 -9.90000000e-01  2.66791003e-01 
-9.95000000e-01 -1.67065563e+01 -9.95000000e-01 -6.09613873e+00 -9.95000000e-01 -7.85306240e-01 -9.95000000e-01  1.68893807e+01 -9.95000000e-01  2.69996262e-01 
-1.00000000e+00 -1.71880104e+01 -1.00000000e+00 -6.01072824e+00 -1.00000000e+00 -7.75199309e-01 -1.00000000e+00  1.71122043e+01 -1.00000000e+00  2.73191996e-01 
-1.00500000e+00 -1.76759051e+01 -1.00500000e+00 -5.92724483e+00 -1.00500000e+00 -7.65352292e-01 -1.00500000e+00  1.73333634e+01 -1.00500000e+00  2.76378030e-01 
-1.01000000e+00 -1.81701849e+01 -1.01000000e+00 -5.84563638e+00 -1.01000000e+00 -7.55758234e-01 -1.01000000e+00  1.75528599e+01 -1.01000000e+00  2.79554204e-01 
-1.01500000e+00 -1.86707943e+01 -1.01500000e+00 -5.76585178e+00 -1.01500000e+00 -7.46410318e-01 -1.01500000e+00  1.77706957e+01 -1.01500000e+00  2.82720379e-01 
-1.02000000e+00 -1.91776775e+01 -1.02000000e+00 -5.68784092e+00 -1.02000000e+00 -7.37301867e-01 -1.02000000e+00  1.79868731e+01 -1.02000000e+00  2.85876428e-01 
-1.02500000e+00 -1.96907792e+01 -1.02500000e+00 -5.61155478e+00 -1.02500000e+00 -7.28426354e-01 -1.02500000e+00  1.82013944e+01 -1.02500000e+00  2.89022238e-01 
-1.03000000e+00 -2.02100437e+01 -1.03000000e+00 -5.53694545e+00 -1.03000000e+00 -7.19777402e-01 -1.03000000e+00  1.84142619e+01 -1.03000000e+00  2.92157712e-01 
-1.03500000e+00 -2.07354155e+01 -1.03500000e+00 -5.46396616e+00 -1.03500000e+00 -7.11348788e-01 -1.03500000e+00  1.86254779e+01 -1.03500000e+00  2.95282765e-01 
-1.04000000e+00 -2.12668392e+01 -1.04000000e+00 -5.39257126e+00 -1.04000000e+00 -7.03134445e-01 -1.04000000e+00  1.88350445e+01 -1.04000000e+00  2.98397323e-01 
-1.04500000e+00 -2.18042592e+01 -1.04500000e+00 -5.32271627e+00 -1.04500000e+00 -6.95128462e-01 -1.04500000e+00  1.90429637e+01 -1.04500000e+00  3.01501323e-01 
-1.05000000e+00 -2.23476202e+01 -1.05000000e+00 -5.25435785e+00 -1.05000000e+00 -6.87325088e-01 -1.05000000e+00  1.92492374e+01 -1.05000000e+00  3.04594713e-01 
-1.05500000e+00 -2.28968670e+01 -1.05500000e+00 -5.18745385e+00 -1.05500000e+00 -6.79718726e-01 -1.05500000e+00  1.94538673e+01 -1.05500000e+00  3.07677452e-01 
-1.06000000e+00 -2.34519442e+01 -1.06000000e+00 -5.12196323e+00 -1.06000000e+00 -6.72303935e-01 -1.06000000e+00  1.96568547e+01 -1.06000000e+00  3.10749506e-01 
-1.06500000e+00 -2.40127966e+01 -1.06500000e+00 -5.05784612e+00 -1.06500000e+00 -6.65075431e-01 -1.06500000e+00  1.98582008e+01 -1.06500000e+00  3.13810851e-01 
-1.07000000e+00 -2.45793693e+01 -1.07000000e+00 -4.99506375e+00 -1.07000000e+00 -6.58028080e-01 -1.07000000e+00  2.00579066e+01 -1.07000000e+00  3.16861471e-01 
-1.07500000e+00 -2.51516071e+01 -1.07500000e+00 -4.93357851e+00 -1.07500000e+00 -6.51156901e-01 -1.07500000e+00  2.02559725e+01 -1.07500000e+00  3.19901357e-01 
-1.08000000e+00 -2.57294552e+01 -1.08000000e+00 -4.87335383e+00 -1.08000000e+00 -6.44457059e-01 -1.08000000e+00  2.04523990e+01 -1.08000000e+00  3.22930507e-01 
-1.08500000e+00 -2.63128587e+01 -1.08500000e+00 -4.81435427e+00 -1.08500000e+00 -6.37923868e-01 -1.08500000e+00  2.06471862e+01 -1.08500000e+00  3.25948927e-01 
-1.09000000e+00 -2.69017627e+01 -1.09000000e+00 -4.75654540e+00 -1.09000000e+00 -6.31552782e-01 -1.09000000e+00  2.08403338e+01 -1.09000000e+00  3.28956628e-01 
-1.09500000e+00 -2.74961126e+01 -1.09500000e+00 -4.69989387e+00 -1.09500000e+00 -6.25339397e-01 -1.09500000e+00  2.10318413e+01 -1.09500000e+00  3.31953625e-01 
-1.10000000e+00 -2.80958538e+01 -1.10000000e+00 -4.64436730e+00 -1.10000000e+00 -6.19279443e-01 -1.10000000e+00  2.12217079e+01 -1.10000000e+00  3.34939944e-01 
-1.10500000e+00 -2.87009316e+01 -1.10500000e+00 -4.58993434e+00 -1.10500000e+00 -6.13368788e-01 -1.10500000e+00  2.14099325e+01 -1.10500000e+00  3.37915609e-01 
-1.11000000e+00 -2.93112917e+01 -1.11000000e+00 -4.53656457e+00 -1.11000000e+00 -6.07603427e-01 -1.11000000e+00  2.15965138e+01 -1.11000000e+00  3.40880655e-01 
-1.11500000e+00 -2.99268796e+01 -1.11500000e+00 -4.48422853e+00 -1.11500000e+00 -6.01979483e-01 -1.11500000e+00  2.17814503e+01 -1.11500000e+00  3.43835118e-01 
-1.12000000e+00 -3.05476409e+01 -1.12000000e+00 -4.43289767e+00 -1.12000000e+00 -5.96493203e-01 -1.12000000e+00  2.19647401e+01 -1.12000000e+00  3.46779039e-01 
-1.12500000e+00 -3.11735213e+01 -1.12500000e+00 -4.38254432e+00 -1.12500000e+00 -5.91140955e-01 -1.12500000e+00  2.21463810e+01 -1.12500000e+00  3.49712462e-01 
-1.13000000e+00 -3.18044667e+01 -1.13000000e+00 -4.33314171e+00 -1.13000000e+00 -5.85919224e-01 -1.13000000e+00  2.23263708e+01 -1.13000000e+00  3.52635437e-01 
-1.13500000e+00 -3.24404228e+01 -1.13500000e+00 -4.28466387e+00 -1.13500000e+00 -5.80824608e-01 -1.13500000e+00  2.25047070e+01 -1.13500000e+00  3.55548016e-01 
-1.14000000e+00 -3.30813356e+01 -1.14000000e+00 -4.23708566e+00 -1.14000000e+00 -5.75853817e-01 -1.14000000e+00  2.26813868e+01 -1.14000000e+00  3.58450254e-01 
-1.14500000e+00 -3.37271510e+01 -1.14500000e+00 -4.19038274e+00 -1.14500000e+00 -5.71003666e-01 -1.14500000e+00  2.28564072e+01 -1.14500000e+00  3.61342210e-01 
-1.15000000e+00 -3.43778150e+01 -1.15000000e+00 -4.14453153e+00 -1.15000000e+00 -5.66271076e-01 -1.15000000e+00  2.30297652e+01 -1.15000000e+00  3.64223944e-01 
-1.15500000e+00 -3.50332736e+01 -1.15500000e+00 -4.09950920e+00 -1.15500000e+00 -5.61653068e-01 -1.15500000e+00  2.32014574e+01 -1.15500000e+00  3.67095520e-01 
-1.16000000e+00 -3.56934730e+01 -1.16000000e+00 -4.05529363e+00 -1.16000000e+00 -5.57146763e-01 -1.16000000e+00  2.33714804e+01 -1.16000000e+00  3.69957005e-01 
-1.16500000e+00 -3.63583593e+01 -1.16500000e+00 -4.01186341e+00 -1.16500000e+00 -5.52749373e-01 -1.16500000e+00  2.35398306e+01 -1.16500000e+00  3.72808468e-01 
-1.17000000e+00 -3.70278787e+01 -1.17000000e+00 -3.96919780e+00 -1.17000000e+00 -5.48458205e-01 -1.17000000e+00  2.37065043e+01 -1.17000000e+00  3.75649979e-01 
-1.17500000e+00 -3.77019773e+01 -1.17500000e+00 -3.92727670e+00 -1.17500000e+00 -5.44270655e-01 -1.17500000e+00  2.38714975e+01 -1.17500000e+00  3.78481611e-01 
-1.18000000e+00 -3.83806015e+01 -1.18000000e+00 -3.88608067e+00 -1.18000000e+00 -5.40184203e-01 -1.18000000e+00  2.40348064e+01 -1.18000000e+00  3.81303439e-01 
-1.18500000e+00 -3.90636976e+01 -1.18500000e+00 -3.84559087e+00 -1.18500000e+00 -5.36196414e-01 -1.18500000e+00  2.41964268e+01 -1.18500000e+00  3.84115540e-01 
-1.19000000e+00 -3.97512118e+01 -1.19000000e+00 -3.80578903e+00 -1.19000000e+00 -5.32304934e-01 -1.19000000e+00  2.43563546e+01 -1.19000000e+00  3.86917991e-01 
-1.19500000e+00 -4.04430907e+01 -1.19500000e+00 -3.76665748e+00 -1.19500000e+00 -5.28507487e-01 -1.19500000e+00  2.45145855e+01 -1.19500000e+00  3.89710873e-01 
-1.20000000e+00 -4.11392805e+01 -1.20000000e+00 -3.72817910e+00 -1.20000000e+00 -5.24801871e-01 -1.20000000e+00  2.46711153e+01 -1.20000000e+00  3.92494267e-01 
-1.20500000e+00 -4.18397277e+01 -1.20500000e+00 -3.69033728e+00 -1.20500000e+00 -5.21185961e-01 -1.20500000e+00  2.48259396e+01 -1.20500000e+00  3.95268255e-01 
-1.21000000e+00 -4.25443787e+01 -1.21000000e+00 -3.65311596e+00 -1.21000000e+00 -5.17657700e-01 -1.21000000e+00  2.49790539e+01 -1.21000000e+00  3.98032921e-01 
-1.21500000e+00 -4.32531801e+01 -1.21500000e+00 -3.61649954e+00 -1.21500000e+00 -5.14215099e-01 -1.21500000e+00  2.51304538e+01 -1.21500000e+00  4.00788351e-01 
-1.22000000e+00 -4.39660784e+01 -1.22000000e+00 -3.58047294e+00 -1.22000000e+00 -5.10856240e-01 -1.22000000e+00  2.52801349e+01 -1.22000000e+00  4.03534631e-01 
-1.22500000e+00 -4.46830201e+01 -1.22500000e+00 -3.54502151e+00 -1.22500000e+00 -5.07579263e-01 -1.22500000e+00  2.54280926e+01 -1.22500000e+00  4.06271848e-01 
-1.23000000e+00 -4.54039517e+01 -1.23000000e+00 -3.51013108e+00 -1.23000000e+00 -5.04382376e-01 -1.23000000e+00  2.55743223e+01 -1.23000000e+00  4.09000090e-01 
-1.23500000e+00 -4.61288200e+01 -1.23500000e+00 -3.47578790e+00 -1.23500000e+00 -5.01263843e-01 -1.23500000e+00  2.57188197e+01 -1.23500000e+00  4.11719447e-01 
-1.24000000e+00 -4.68575715e+01 -1.24000000e+00 -3.44197862e+00 -1.24000000e+00 -4.98221989e-01 -1.24000000e+00  2.58615801e+01 -1.24000000e+00  4.14430007e-01 
-1.24500000e+00 -4.75901527e+01 -1.24500000e+00 -3.40869034e+00 -1.24500000e+00 -4.95255195e-01 -1.24500000e+00  2.60025990e+01 -1.24500000e+00  4.17131863e-01 
-1.25000000e+00 -4.83265105e+01 -1.25000000e+00 -3.37591050e+00 -1.25000000e+00 -4.92361897e-01 -1.25000000e+00  2.61418719e+01 -1.25000000e+00  4.19825106e-01 
-1.25500000e+00 -4.90665915e+01 -1.25500000e+00 -3.34362696e+00 -1.25500000e+00 -4.89540581e-01 -1.25500000e+00  2.62793944e+01 -1.25500000e+00  4.22509827e-01 
-1.26000000e+00 -4.98103424e+01 -1.26000000e+00 -3.31182792e+00 -1.26000000e+00 -4.86789790e-01 -1.26000000e+00  2.64151620e+01 -1.26000000e+00  4.25186120e-01 
-1.26500000e+00 -5.05577099e+01 -1.26500000e+00 -3.28050194e+00 -1.26500000e+00 -4.84108112e-01 -1.26500000e+00  2.65491702e+01 -1.26500000e+00  4.27854078e-01 
-1.27000000e+00 -5.13086408e+01 -1.27000000e+00 -3.24963790e+00 -1.27000000e+00 -4.81494183e-01 -1.27000000e+00  2.66814147e+01 -1.27000000e+00  4.30513795e-01 
-1.27500000e+00 -5.20630819e+01 -1.27500000e+00 -3.21922504e+00 -1.27500000e+00 -4.78946690e-01 -1.27500000e+00  2.68118911e+01 -1.27500000e+00  4.33165366e-01 
-1.28000000e+00 -5.28209800e+01 -1.28000000e+00 -3.18925291e+00 -1.28000000e+00 -4.76464362e-01 -1.28000000e+00  2.69405952e+01 -1.28000000e+00  4.35808884e-01 
-1.28500000e+00 -5.35822819e+01 -1.28500000e+00 -3.15971134e+00 -1.28500000e+00 -4.74045973e-01 -1.28500000e+00  2.70675225e+01 -1.28500000e+00  4.38444446e-01 
-1.29000000e+00 -5.43469344e+01 -1.29000000e+00 -3.13059049e+00 -1.29000000e+00 -4.71690340e-01 -1.29000000e+00  2.71926691e+01 -1.29000000e+00  4.41072147e-01 
-1.29500000e+00 -5.51148844e+01 -1.29500000e+00 -3.10188079e+00 -1.29500000e+00 -4.69396320e-01 -1.29500000e+00  2.73160306e+01 -1.29500000e+00  4.43692084e-01 
-1.30000000e+00 -5.58860787e+01 -1.30000000e+00 -3.07357293e+00 -1.30000000e+00 -4.67162811e-01 -1.30000000e+00  2.74376029e+01 -1.30000000e+00  4.46304352e-01 
-1.30500000e+00 -5.66604643e+01 -1.30500000e+00 -3.04565789e+00 -1.30500000e+00 -4.64988751e-01 -1.30500000e+00  2.75573822e+01 -1.30500000e+00  4.48909048e-01 
-1.31000000e+00 -5.74379882e+01 -1.31000000e+00 -3.01812690e+00 -1.31000000e+00 -4.62873114e-01 -1.31000000e+00  2.76753642e+01 -1.31000000e+00  4.51506269e-01 
-1.31500000e+00 -5.82185972e+01 -1.31500000e+00 -2.99097144e+00 -1.31500000e+00 -4.60814914e-01 -1.31500000e+00  2.77915453e+01 -1.31500000e+00  4.54096113e-01 
-1.32000000e+00 -5.90022383e+01 -1.32000000e+00 -2.96418323e+00 -1.32000000e+00 -4.58813196e-01 -1.32000000e+00  2.79059214e+01 -1.32000000e+00  4.56678676e-01 
-1.32500000e+00 -5.97888585e+01 -1.32500000e+00 -2.93775421e+00 -1.32500000e+00 -4.56867044e-01 -1.32500000e+00  2.80184887e+01 -1.32500000e+00  4.59254056e-01 
-1.33000000e+00 -6.05784048e+01 -1.33000000e+00 -2.91167656e+00 -1.33000000e+00 -4.54975574e-01 -1.33000000e+00  2.81292437e+01 -1.33000000e+00  4.61822350e-01 
-1.33500000e+00 -6.13708243e+01 -1.33500000e+00 -2.88594267e+00 -1.33500000e+00 -4.53137935e-01 -1.33500000e+00  2.82381825e+01 -1.33500000e+00  4.64383657e-01 
-1.34000000e+00 -6.21660639e+01 -1.34000000e+00 -2.86054515e+00 -1.34000000e+00 -4.51353310e-01 -1.34000000e+00  2.83453016e+01 -1.34000000e+00  4.66938075e-01 
-1.34500000e+00 -6.29640708e+01 -1.34500000e+00 -2.83547678e+00 -1.34500000e+00 -4.49620911e-01 -1.34500000e+00  2.84505975e+01 -1.34500000e+00  4.69485701e-01 
-1.35000000e+00 -6.37647921e+01 -1.35000000e+00 -2.81073057e+00 -1.35000000e+00 -4.47939980e-01 -1.35000000e+00  2.85540667e+01 -1.35000000e+00  4.72026634e-01 
-1.35500000e+00 -6.45681749e+01 -1.35500000e+00 -2.78629971e+00 -1.35500000e+00 -4.46309792e-01 -1.35500000e+00  2.86557057e+01 -1.35500000e+00  4.74560971e-01 
-1.36000000e+00 -6.53741662e+01 -1.36000000e+00 -2.76217757e+00 -1.36000000e+00 -4.44729649e-01 -1.36000000e+00  2.87555112e+01 -1.36000000e+00  4.77088811e-01 
-1.36500000e+00 -6.61827133e+01 -1.36500000e+00 -2.73835769e+00 -1.36500000e+00 -4.43198880e-01 -1.36500000e+00  2.88534800e+01 -1.36500000e+00  4.79610252e-01 
-1.37000000e+00 -6.69937634e+01 -1.37000000e+00 -2.71483379e+00 -1.37000000e+00 -4.41716844e-01 -1.37000000e+00  2.89496088e+01 -1.37000000e+00  4.82125392e-01 
-1.37500000e+00 -6.78072635e+01 -1.37500000e+00 -2.69159975e+00 -1.37500000e+00 -4.40282927e-01 -1.37500000e+00  2.90438944e+01 -1.37500000e+00  4.84634330e-01 
-1.38000000e+00 -6.86231610e+01 -1.38000000e+00 -2.66864961e+00 -1.38000000e+00 -4.38896540e-01 -1.38000000e+00  2.91363338e+01 -1.38000000e+00  4.87137164e-01 
-1.38500000e+00 -6.94414030e+01 -1.38500000e+00 -2.64597758e+00 -1.38500000e+00 -4.37557121e-01 -1.38500000e+00  2.92269238e+01 -1.38500000e+00  4.89633991e-01 
-1.39000000e+00 -7.02619369e+01 -1.39000000e+00 -2.62357799e+00 -1.39000000e+00 -4.36264132e-01 -1.39000000e+00  2.93156615e+01 -1.39000000e+00  4.92124910e-01 
-1.39500000e+00 -7.10847097e+01 -1.39500000e+00 -2.60144534e+00 -1.39500000e+00 -4.35017061e-01 -1.39500000e+00  2.94025438e+01 -1.39500000e+00  4.94610019e-01 
-1.40000000e+00 -7.19096689e+01 -1.40000000e+00 -2.57957425e+00 -1.40000000e+00 -4.33815421e-01 -1.40000000e+00  2.94875680e+01 -1.40000000e+00  4.97089415e-01 
-1.40500000e+00 -7.27367617e+01 -1.40500000e+00 -2.55795949e+00 -1.40500000e+00 -4.32658747e-01 -1.40500000e+00  2.95707310e+01 -1.40500000e+00  4.99563198e-01 
-1.41000000e+00 -7.35659355e+01 -1.41000000e+00 -2.53659596e+00 -1.41000000e+00 -4.31546600e-01 -1.41000000e+00  2.96520302e+01 -1.41000000e+00  5.02031463e-01 
-1.41500000e+00 -7.43971374e+01 -1.41500000e+00 -2.51547868e+00 -1.41500000e+00 -4.30478561e-01 -1.41500000e+00  2.97314626e+01 -1.41500000e+00  5.04494310e-01 
-1.42000000e+00 -7.52303150e+01 -1.42000000e+00 -2.49460279e+00 -1.42000000e+00 -4.29454236e-01 -1.42000000e+00  2.98090255e+01 -1.42000000e+00  5.06951835e-01 
-1.42500000e+00 -7.60654154e+01 -1.42500000e+00 -2.47396355e+00 -1.42500000e+00 -4.28473252e-01 -1.42500000e+00  2.98847162e+01 -1.42500000e+00  5.09404136e-01 
-1.43000000e+00 -7.69023861e+01 -1.43000000e+00 -2.45355636e+00 -1.43000000e+00 -4.27535258e-01 -1.43000000e+00  2.99585320e+01 -1.43000000e+00  5.11851310e-01 
-1.43500000e+00 -7.77411744e+01 -1.43500000e+00 -2.43337668e+00 -1.43500000e+00 -4.26639926e-01 -1.43500000e+00  3.00304701e+01 -1.43500000e+00  5.14293455e-01 
-1.44000000e+00 -7.85817276e+01 -1.44000000e+00 -2.41342012e+00 -1.44000000e+00 -4.25786947e-01 -1.44000000e+00  3.01005280e+01 -1.44000000e+00  5.16730666e-01 
-1.44500000e+00 -7.94239932e+01 -1.44500000e+00 -2.39368238e+00 -1.44500000e+00 -4.24976035e-01 -1.44500000e+00  3.01687030e+01 -1.44500000e+00  5.19163042e-01 
-1.45000000e+00 -8.02679185e+01 -1.45000000e+00 -2.37415925e+00 -1.45000000e+00 -4.24206923e-01 -1.45000000e+00  3.02349924e+01 -1.45000000e+00  5.21590677e-01 
-1.45500000e+00 -8.11134508e+01 -1.45500000e+00 -2.35484665e+00 -1.45500000e+00 -4.23479366e-01 -1.45500000e+00  3.02993935e+01 -1.45500000e+00  5.24013670e-01 
-1.46000000e+00 -8.19605375e+01 -1.46000000e+00 -2.33574055e+00 -1.46000000e+00 -4.22793139e-01 -1.46000000e+00  3.03619038e+01 -1.46000000e+00  5.26432115e-01 
-1.46500000e+00 -8.28091261e+01 -1.46500000e+00 -2.31683704e+00 -1.46500000e+00 -4.22148035e-01 -1.46500000e+00  3.04225206e+01 -1.46500000e+00  5.28846110e-01 
-1.47000000e+00 -8.36591637e+01 -1.47000000e+00 -2.29813229e+00 -1.47000000e+00 -4.21543869e-01 -1.47000000e+00  3.04812413e+01 -1.47000000e+00  5.31255749e-01 
-1.47500000e+00 -8.45105979e+01 -1.47500000e+00 -2.27962257e+00 -1.47500000e+00 -4.20980475e-01 -1.47500000e+00  3.05380631e+01 -1.47500000e+00  5.33661129e-01 
-1.48000000e+00 -8.53633759e+01 -1.48000000e+00 -2.26130420e+00 -1.48000000e+00 -4.20457705e-01 -1.48000000e+00  3.05929833e+01 -1.48000000e+00  5.36062344e-01 
-1.48500000e+00 -8.62174450e+01 -1.48500000e+00 -2.24317361e+00 -1.48500000e+00 -4.19975433e-01 -1.48500000e+00  3.06459994e+01 -1.48500000e+00  5.38459489e-01 
-1.49000000e+00 -8.70727526e+01 -1.49000000e+00 -2.22522731e+00 -1.49000000e+00 -4.19533549e-01 -1.49000000e+00  3.06971084e+01 -1.49000000e+00  5.40852661e-01 
-1.49500000e+00 -8.79292459e+01 -1.49500000e+00 -2.20746185e+00 -1.49500000e+00 -4.19131965e-01 -1.49500000e+00  3.07463077e+01 -1.49500000e+00  5.43241952e-01 
-1.50000000e+00 -8.87868722e+01 -1.50000000e+00 -2.18987388e+00 -1.50000000e+00 -4.18770608e-01 -1.50000000e+00  3.07935944e+01 -1.50000000e+00  5.45627458e-01 
-1.50500000e+00 -8.96455788e+01 -1.50500000e+00 -2.17246013e+00 -1.50500000e+00 -4.18449427e-01 -1.50500000e+00  3.08389657e+01 -1.50500000e+00  5.48009273e-01 
-1.51000000e+00 -9.05053128e+01 -1.51000000e+00 -2.15521738e+00 -1.51000000e+00 -4.18168388e-01 -1.51000000e+00  3.08824186e+01 -1.51000000e+00  5.50387490e-01 
-1.51500000e+00 -9.13660214e+01 -1.51500000e+00 -2.13814247e+00 -1.51500000e+00 -4.17927475e-01 -1.51500000e+00  3.09239502e+01 -1.51500000e+00  5.52762203e-01 
-1.52000000e+00 -9.22276518e+01 -1.52000000e+00 -2.12123233e+00 -1.52000000e+00 -4.17726692e-01 -1.52000000e+00  3.09635574e+01 -1.52000000e+00  5.55133506e-01 
-1.52500000e+00 -9.30901511e+01 -1.52500000e+00 -2.10448393e+00 -1.52500000e+00 -4.17566059e-01 -1.52500000e+00  3.10012372e+01 -1.52500000e+00  5.57501491e-01 
-1.53000000e+00 -9.39534663e+01 -1.53000000e+00 -2.08789431e+00 -1.53000000e+00 -4.17445616e-01 -1.53000000e+00  3.10369863e+01 -1.53000000e+00  5.59866252e-01 
-1.53500000e+00 -9.48175444e+01 -1.53500000e+00 -2.07146056e+00 -1.53500000e+00 -4.17365419e-01 -1.53500000e+00  3.10708016e+01 -1.53500000e+00  5.62227881e-01 
-1.54000000e+00 -9.56823325e+01 -1.54000000e+00 -2.05517983e+00 -1.54000000e+00 -4.17325545e-01 -1.54000000e+00  3.11026796e+01 -1.54000000e+00  5.64586469e-01 
-1.54500000e+00 -9.65477773e+01 -1.54500000e+00 -2.03904934e+00 -1.54500000e+00 -4.17326086e-01 -1.54500000e+00  3.11326170e+01 -1.54500000e+00  5.66942110e-01 
-1.55000000e+00 -9.74138258e+01 -1.55000000e+00 -2.02306634e+00 -1.55000000e+00 -4.17367152e-01 -1.55000000e+00  3.11606102e+01 -1.55000000e+00  5.69294894e-01 
-1.55500000e+00 -9.82804247e+01 -1.55500000e+00 -2.00722815e+00 -1.55500000e+00 -4.17448872e-01 -1.55500000e+00  3.11866556e+01 -1.55500000e+00  5.71644913e-01 
-1.56000000e+00 -9.91475208e+01 -1.56000000e+00 -1.99153213e+00 -1.56000000e+00 -4.17571392e-01 -1.56000000e+00  3.12107496e+01 -1.56000000e+00  5.73992258e-01 
-1.56500000e+00 -1.00015061e+02 -1.56500000e+00 -1.97597568e+00 -1.56500000e+00 -4.17734875e-01 -1.56500000e+00  3.12328883e+01 -1.56500000e+00  5.76337020e-01 
-1.57000000e+00 -1.00882991e+02 -1.57000000e+00 -1.96055627e+00 -1.57000000e+00 -4.17939502e-01 -1.57000000e+00  3.12530678e+01 -1.57000000e+00  5.78679289e-01 
-1.57500000e+00 -1.01751258e+02 -1.57500000e+00 -1.94527139e+00 -1.57500000e+00 -4.18185471e-01 -1.57500000e+00  3.12712839e+01 -1.57500000e+00  5.81019155e-01 
-1.58000000e+00 -1.02619808e+02 -1.58000000e+00 -1.93011861e+00 -1.58000000e+00 -4.18472996e-01 -1.58000000e+00  3.12875327e+01 -1.58000000e+00  5.83356709e-01 
-1.58500000e+00 -1.03488588e+02 -1.58500000e+00 -1.91509549e+00 -1.58500000e+00 -4.18802309e-01 -1.58500000e+00  3.13018096e+01 -1.58500000e+00  5.85692039e-01 
-1.59000000e+00 -1.04357543e+02 -1.59000000e+00 -1.90019969e+00 -1.59000000e+00 -4.19173660e-01 -1.59000000e+00  3.13141105e+01 -1.59000000e+00  5.88025236e-01 
-1.59500000e+00 -1.05226620e+02 -1.59500000e+00 -1.88542887e+00 -1.59500000e+00 -4.19587312e-01 -1.59500000e+00  3.13244306e+01 -1.59500000e+00  5.90356387e-01 
-1.60000000e+00 -1.06095765e+02 -1.60000000e+00 -1.87078075e+00 -1.60000000e+00 -4.20043549e-01 -1.60000000e+00  3.13327653e+01 -1.60000000e+00  5.92685581e-01 
-1.60500000e+00 -1.06964924e+02 -1.60500000e+00 -1.85625307e+00 -1.60500000e+00 -4.20542667e-01 -1.60500000e+00  3.13391098e+01 -1.60500000e+00  5.95012907e-01 
-1.61000000e+00 -1.07834042e+02 -1.61000000e+00 -1.84184362e+00 -1.61000000e+00 -4.21084980e-01 -1.61000000e+00  3.13434592e+01 -1.61000000e+00  5.97338453e-01 
-1.61500000e+00 -1.08703065e+02 -1.61500000e+00 -1.82755024e+00 -1.61500000e+00 -4.21670818e-01 -1.61500000e+00  3.13458083e+01 -1.61500000e+00  5.99662305e-01 
-1.62000000e+00 -1.09571939e+02 -1.62000000e+00 -1.81337078e+00 -1.62000000e+00 -4.22300524e-01 -1.62000000e+00  3.13461520e+01 -1.62000000e+00  6.01984552e-01 
-1.62500000e+00 -1.10440608e+02 -1.62500000e+00 -1.79930313e+00 -1.62500000e+00 -4.22974460e-01 -1.62500000e+00  3.13444848e+01 -1.62500000e+00  6.04305281e-01 
-1.63000000e+00 -1.11309019e+02 -1.63000000e+00 -1.78534524e+00 -1.63000000e+00 -4.23692998e-01 -1.63000000e+00  3.13408014e+01 -1.63000000e+00  6.06624578e-01 
-1.63500000e+00 -1.12177116e+02 -1.63500000e+00 -1.77149506e+00 -1.63500000e+00 -4.24456526e-01 -1.63500000e+00  3.13350960e+01 -1.63500000e+00  6.08942528e-01 
-1.64000000e+00 -1.13044844e+02 -1.64000000e+00 -1.75775058e+00 -1.64000000e+00 -4.25265448e-01 -1.64000000e+00  3.13273629e+01 -1.64000000e+00  6.11259220e-01 
-1.64500000e+00 -1.13912148e+02 -1.64500000e+00 -1.74410985e+00 -1.64500000e+00 -4.26120177e-01 -1.64500000e+00  3.13175962e+01 -1.64500000e+00  6.13574737e-01 
-1.65000000e+00 -1.14778973e+02 -1.65000000e+00 -1.73057091e+00 -1.65000000e+00 -4.27021140e-01 -1.65000000e+00  3.13057900e+01 -1.65000000e+00  6.15889165e-01 
-1.65500000e+00 -1.15645263e+02 -1.65500000e+00 -1.71713187e+00 -1.65500000e+00 -4.27968778e-01 -1.65500000e+00  3.12919381e+01 -1.65500000e+00  6.18202589e-01 
-1.66000000e+00 -1.16510962e+02 -1.66000000e+00 -1.70379083e+00 -1.66000000e+00 -4.28963540e-01 -1.66000000e+00  3.12760343e+01 -1.66000000e+00  6.20515095e-01 
-1.66500000e+00 -1.17376015e+02 -1.66500000e+00 -1.69054596e+00 -1.66500000e+00 -4.30005886e-01 -1.66500000e+00  3.12580722e+01 -1.66500000e+00  6.22826765e-01 
-1.67000000e+00 -1.18240365e+02 -1.67000000e+00 -1.67739545e+00 -1.67000000e+00 -4.31096286e-01 -1.67000000e+00  3.12380455e+01 -1.67000000e+00  6.25137685e-01 
-1.67500000e+00 -1.19103957e+02 -1.67500000e+00 -1.66433749e+00 -1.67500000e+00 -4.32235218e-01 -1.67500000e+00  3.12159477e+01 -1.67500000e+00  6.27447937e-01 
-1.68000000e+00 -1.19966733e+02 -1.68000000e+00 -1.65137034e+00 -1.68000000e+00 -4.33423168e-01 -1.68000000e+00  3.11917721e+01 -1.68000000e+00  6.29757606e-01 
-1.68500000e+00 -1.20828638e+02 -1.68500000e+00 -1.63849227e+00 -1.68500000e+00 -4.34660627e-01 -1.68500000e+00  3.11655123e+01 -1.68500000e+00  6.32066773e-01 
-1.69000000e+00 -1.21689615e+02 -1.69000000e+00 -1.62570158e+00 -1.69000000e+00 -4.35948091e-01 -1.69000000e+00  3.11371616e+01 -1.69000000e+00  6.34375522e-01 
-1.69500000e+00 -1.22549606e+02 -1.69500000e+00 -1.61299661e+00 -1.69500000e+00 -4.37286061e-01 -1.69500000e+00  3.11067134e+01 -1.69500000e+00  6.36683934e-01 
-1.70000000e+00 -1.23408555e+02 -1.70000000e+00 -1.60037572e+00 -1.70000000e+00 -4.38675038e-01 -1.70000000e+00  3.10741609e+01 -1.70000000e+00  6.38992092e-01 
-1.70500000e+00 -1.24266405e+02 -1.70500000e+00 -1.58783730e+00 -1.70500000e+00 -4.40115526e-01 -1.70500000e+00  3.10394976e+01 -1.70500000e+00  6.41300078e-01 
-1.71000000e+00 -1.25123097e+02 -1.71000000e+00 -1.57537977e+00 -1.71000000e+00 -4.41608024e-01 -1.71000000e+00  3.10027170e+01 -1.71000000e+00  6.43607972e-01 
-1.71500000e+00 -1.25978575e+02 -1.71500000e+00 -1.56300160e+00 -1.71500000e+00 -4.43153031e-01 -1.71500000e+00  3.09638126e+01 -1.71500000e+00  6.45915855e-01 
-1.72000000e+00 -1.26832780e+02 -1.72000000e+00 -1.55070127e+00 -1.72000000e+00 -4.44751041e-01 -1.72000000e+00  3.09227781e+01 -1.72000000e+00  6.48223809e-01 
-1.72500000e+00 -1.27685655e+02 -1.72500000e+00 -1.53847730e+00 -1.72500000e+00 -4.46402538e-01 -1.72500000e+00  3.08796071e+01 -1.72500000e+00  6.50531912e-01 
-1.73000000e+00 -1.28537141e+02 -1.73000000e+00 -1.52632824e+00 -1.73000000e+00 -4.48108000e-01 -1.73000000e+00  3.08342937e+01 -1.73000000e+00  6.52840245e-01 
-1.73500000e+00 -1.29387181e+02 -1.73500000e+00 -1.51425268e+00 -1.73500000e+00 -4.49867892e-01 -1.73500000e+00  3.07868322e+01 -1.73500000e+00  6.55148887e-01 
-1.74000000e+00 -1.30235715e+02 -1.74000000e+00 -1.50224924e+00 -1.74000000e+00 -4.51682663e-01 -1.74000000e+00  3.07372168e+01 -1.74000000e+00  6.57457918e-01 
-1.74500000e+00 -1.31082686e+02 -1.74500000e+00 -1.49031658e+00 -1.74500000e+00 -4.53552747e-01 -1.74500000e+00  3.06854425e+01 -1.74500000e+00  6.59767415e-01 
-1.75000000e+00 -1.31928034e+02 -1.75000000e+00 -1.47845339e+00 -1.75000000e+00 -4.55478559e-01 -1.75000000e+00  3.06315042e+01 -1.75000000e+00  6.62077458e-01 
-1.75500000e+00 -1.32771701e+02 -1.75500000e+00 -1.46665840e+00 -1.75500000e+00 -4.57460489e-01 -1.75500000e+00  3.05753974e+01 -1.75500000e+00  6.64388124e-01 
-1.76000000e+00 -1.33613628e+02 -1.76000000e+00 -1.45493038e+00 -1.76000000e+00 -4.59498905e-01 -1.76000000e+00  3.05171181e+01 -1.76000000e+00  6.66699491e-01 
-1.76500000e+00 -1.34453757e+02 -1.76500000e+00 -1.44326814e+00 -1.76500000e+00 -4.61594142e-01 -1.76500000e+00  3.04566627e+01 -1.76500000e+00  6.69011636e-01 
-1.77000000e+00 -1.35292027e+02 -1.77000000e+00 -1.43167052e+00 -1.77000000e+00 -4.63746506e-01 -1.77000000e+00  3.03940282e+01 -1.77000000e+00  6.71324636e-01 
-1.77500000e+00 -1.36128380e+02 -1.77500000e+00 -1.42013643e+00 -1.77500000e+00 -4.65956268e-01 -1.77500000e+00  3.03292122e+01 -1.77500000e+00  6.73638568e-01 
-1.78000000e+00 -1.36962757e+02 -1.78000000e+00 -1.40866480e+00 -1.78000000e+00 -4.68223659e-01 -1.78000000e+00  3.02622128e+01 -1.78000000e+00  6.75953506e-01 
-1.78500000e+00 -1.37795099e+02 -1.78500000e+00 -1.39725460e+00 -1.78500000e+00 -4.70548868e-01 -1.78500000e+00  3.01930291e+01 -1.78500000e+00  6.78269527e-01 
-1.79000000e+00 -1.38625346e+02 -1.79000000e+00 -1.38590487e+00 -1.79000000e+00 -4.72932038e-01 -1.79000000e+00  3.01216609e+01 -1.79000000e+00  6.80586706e-01 
-1.79500000e+00 -1.39453441e+02 -1.79500000e+00 -1.37461467e+00 -1.79500000e+00 -4.75373264e-01 -1.79500000e+00  3.00481088e+01 -1.79500000e+00  6.82905118e-01 
-1.80000000e+00 -1.40279323e+02 -1.80000000e+00 -1.36338314e+00 -1.80000000e+00 -4.77872588e-01 -1.80000000e+00  2.99723743e+01 -1.80000000e+00  6.85224837e-01 
