 0.00000000e+00 -9.05900063e-08  0.00000000e+00 -7.20048269e-05  0.00000000e+00 -1.02016589e-07  0.00000000e+00  3.36131672e-13  0.00000000e+00  4.24753928e-02 
-5.00000000e-03 -9.05900407e-08 -5.00000000e-03 -8.38557169e-05 -5.00000000e-03 -1.18807005e-07 -5.00000000e-03  3.94593597e-13 -5.00000000e-03  4.24753928e-02 
-1.00000000e-02 -9.05900809e-08 -1.00000000e-02 -9.76570645e-05 -1.00000000e-02 -1.38360856e-07 -1.00000000e-02  4.63171246e-13 -1.00000000e-02  4.24753928e-02 
-1.50000000e-02 -9.05901280e-08 -1.50000000e-02 -1.13729877e-04 -1.50000000e-02 -1.61132952e-07 -1.50000000e-02  5.43607088e-13 -1.50000000e-02  4.24753928e-02 
-2.00000000e-02 -9.05901830e-08 -2.00000000e-02 -1.32447993e-04 -2.00000000e-02 -1.87652955e-07 -2.00000000e-02  6.37942562e-13 -2.00000000e-02  4.24753928e-02 
-2.50000000e-02 -9.05902473e-08 -2.50000000e-02 -1.54246774e-04 -2.50000000e-02 -2.18537700e-07 -2.50000000e-02  7.48569205e-13 -2.50000000e-02  4.24753928e-02 
-3.00000000e-02 -9.05903223e-08 -3.00000000e-02 -1.79633230e-04 -3.00000000e-02 -2.54505535e-07 -3.00000000e-02  8.78288482e-13 -3.00000000e-02  4.24753928e-02 
-3.50000000e-02 -9.05904098e-08 -3.50000000e-02 -2.09197813e-04 -3.50000000e-02 -2.96393030e-07 -3.50000000e-02  1.03038182e-12 -3.50000000e-02  4.24753928e-02 
-4.00000000e-02 -9.05905118e-08 -4.00000000e-02 -2.43628143e-04 -4.00000000e-02 -3.45174433e-07 -4.00000000e-02  1.20869259e-12 -4.00000000e-02  4.24753928e-02 
-4.50000000e-02 -9.05906307e-08 -4.50000000e-02 -2.83725002e-04 -4.50000000e-02 -4.01984323e-07 -4.50000000e-02  1.41772197e-12 -4.50000000e-02  4.24753928e-02 
-5.00000000e-02 -9.05907693e-08 -5.00000000e-02 -3.30420952e-04 -5.00000000e-02 -4.68143995e-07 -5.00000000e-02  1.66274126e-12 -5.00000000e-02  4.24753928e-02 
-5.50000000e-02 -9.05909307e-08 -5.50000000e-02 -3.84802021e-04 -5.50000000e-02 -5.45192185e-07 -5.50000000e-02  1.94992315e-12 -5.50000000e-02  4.24753928e-02 
-6.00000000e-02 -9.05911188e-08 -6.00000000e-02 -4.48132952e-04 -6.00000000e-02 -6.34920850e-07 -6.00000000e-02  2.28649544e-12 -6.00000000e-02  4.24753928e-02 
-6.50000000e-02 -9.05913379e-08 -6.50000000e-02 -5.21886611e-04 -6.50000000e-02 -7.39416829e-07 -6.50000000e-02  2.68092082e-12 -6.50000000e-02  4.24753928e-02 
-7.00000000e-02 -9.05915931e-08 -7.00000000e-02 -6.07778229e-04 -7.00000000e-02 -8.61110365e-07 -7.00000000e-02  3.14310722e-12 -7.00000000e-02  4.24753928e-02 
-7.50000000e-02 -9.05918904e-08 -7.50000000e-02 -7.07805271e-04 -7.50000000e-02 -1.00283160e-06 -7.50000000e-02  3.68465390e-12 -7.50000000e-02  4.24753928e-02 
-8.00000000e-02 -9.05922366e-08 -8.00000000e-02 -8.24293873e-04 -8.00000000e-02 -1.16787638e-06 -8.00000000e-02  4.31913931e-12 -8.00000000e-02  4.24753928e-02 
-8.50000000e-02 -9.05926398e-08 -8.50000000e-02 -9.59952905e-04 -8.50000000e-02 -1.36008285e-06 -8.50000000e-02  5.06245785e-12 -8.50000000e-02  4.24753928e-02 
-9.00000000e-02 -9.05931094e-08 -9.00000000e-02 -1.11793693e-03 -9.00000000e-02 -1.58392065e-06 -9.00000000e-02  5.93321371e-12 -9.00000000e-02  4.24753928e-02 
-9.50000000e-02 -9.05936564e-08 -9.50000000e-02 -1.30191950e-03 -9.50000000e-02 -1.84459483e-06 -9.50000000e-02  6.95318157e-12 -9.50000000e-02  4.24753928e-02 
-1.00000000e-01 -9.05942934e-08 -1.00000000e-01 -1.51617853e-03 -1.00000000e-01 -2.14816675e-06 -1.00000000e-01  8.14784541e-12 -1.00000000e-01  4.24753928e-02 
-1.05000000e-01 -9.05950352e-08 -1.05000000e-01 -1.76569565e-03 -1.05000000e-01 -2.50169494e-06 -1.05000000e-01  9.54702855e-12 -1.05000000e-01  4.24753928e-02 
-1.10000000e-01 -9.05958991e-08 -1.10000000e-01 -2.05627193e-03 -1.10000000e-01 -2.91339904e-06 -1.10000000e-01  1.11856306e-11 -1.10000000e-01  4.24753928e-02 
-1.15000000e-01 -9.05969052e-08 -1.15000000e-01 -2.39466257e-03 -1.15000000e-01 -3.39285071e-06 -1.15000000e-01  1.31044891e-11 -1.15000000e-01  4.24753928e-02 
-1.20000000e-01 -9.05980769e-08 -1.20000000e-01 -2.78873378e-03 -1.20000000e-01 -3.95119585e-06 -1.20000000e-01  1.53513871e-11 -1.20000000e-01  4.24753928e-02 
-1.25000000e-01 -9.05994415e-08 -1.25000000e-01 -3.24764528e-03 -1.25000000e-01 -4.60141335e-06 -1.25000000e-01  1.79822310e-11 -1.25000000e-01  4.24753928e-02 
-1.30000000e-01 -9.06010306e-08 -1.30000000e-01 -3.78206287e-03 -1.30000000e-01 -5.35861626e-06 -1.30000000e-01  2.10624282e-11 -1.30000000e-01  4.24753928e-02 
-1.35000000e-01 -9.06028813e-08 -1.35000000e-01 -4.40440579e-03 -1.35000000e-01 -6.24040234e-06 -1.35000000e-01  2.46684975e-11 -1.35000000e-01  4.24753928e-02 
-1.40000000e-01 -9.06050366e-08 -1.40000000e-01 -5.12913463e-03 -1.40000000e-01 -7.26726212e-06 -1.40000000e-01  2.88899511e-11 -1.40000000e-01  4.24753928e-02 
-1.45000000e-01 -9.06075465e-08 -1.45000000e-01 -5.97308643e-03 -1.45000000e-01 -8.46305376e-06 -1.45000000e-01  3.38314955e-11 -1.45000000e-01  4.24753928e-02 
-1.50000000e-01 -9.06104696e-08 -1.50000000e-01 -6.95586453e-03 -1.50000000e-01 -9.85555568e-06 -1.50000000e-01  3.96156039e-11 -1.50000000e-01  4.24753928e-02 
-1.55000000e-01 -9.06138737e-08 -1.55000000e-01 -8.10029230e-03 -1.55000000e-01 -1.14771095e-05 -1.55000000e-01  4.63855228e-11 -1.55000000e-01  4.24753928e-02 
-1.60000000e-01 -9.06178380e-08 -1.60000000e-01 -9.43294085e-03 -1.60000000e-01 -1.33653681e-05 -1.60000000e-01  5.43087859e-11 -1.60000000e-01  4.24753928e-02 
-1.65000000e-01 -9.06224547e-08 -1.65000000e-01 -1.09847429e-02 -1.65000000e-01 -1.55641658e-05 -1.65000000e-01  6.35813214e-11 -1.65000000e-01  4.24753928e-02 
-1.70000000e-01 -9.06278312e-08 -1.70000000e-01 -1.27917068e-02 -1.70000000e-01 -1.81245300e-05 -1.70000000e-01  7.44322514e-11 -1.70000000e-01  4.24753928e-02 
-1.75000000e-01 -9.06340924e-08 -1.75000000e-01 -1.48957463e-02 -1.75000000e-01 -2.11058579e-05 -1.75000000e-01  8.71295009e-11 -1.75000000e-01  4.24753928e-02 
-1.80000000e-01 -9.06413841e-08 -1.80000000e-01 -1.73456455e-02 -1.80000000e-01 -2.45772842e-05 -1.80000000e-01  1.01986351e-10 -1.80000000e-01  4.24753928e-02 
-1.85000000e-01 -9.06498756e-08 -1.85000000e-01 -2.01981795e-02 -1.85000000e-01 -2.86192699e-05 -1.85000000e-01  1.19369098e-10 -1.85000000e-01  4.24753928e-02 
-1.90000000e-01 -9.06597646e-08 -1.90000000e-01 -2.35194173e-02 -1.90000000e-01 -3.33254488e-05 -1.90000000e-01  1.39705998e-10 -1.90000000e-01  4.24753928e-02 
-1.95000000e-01 -9.06712809e-08 -1.95000000e-01 -2.73862328e-02 -1.95000000e-01 -3.88047704e-05 -1.95000000e-01  1.63497721e-10 -1.95000000e-01  4.24753929e-02 
-2.00000000e-01 -9.06846922e-08 -2.00000000e-01 -3.18880602e-02 -2.00000000e-01 -4.51839883e-05 -2.00000000e-01  1.91329563e-10 -2.00000000e-01  4.24753929e-02 
-2.05000000e-01 -9.07003104e-08 -2.05000000e-01 -3.71289283e-02 -2.05000000e-01 -5.26105454e-05 -2.05000000e-01  2.23885706e-10 -2.05000000e-01  4.24753929e-02 
-2.10000000e-01 -9.07184986e-08 -2.10000000e-01 -4.32298202e-02 -2.10000000e-01 -6.12559187e-05 -2.10000000e-01  2.61965881e-10 -2.10000000e-01  4.24753929e-02 
-2.15000000e-01 -9.07396797e-08 -2.15000000e-01 -5.03314045e-02 -2.15000000e-01 -7.13194939e-05 -2.15000000e-01  3.06504827e-10 -2.15000000e-01  4.24753929e-02 
-2.20000000e-01 -9.07643460e-08 -2.20000000e-01 -5.85971973e-02 -2.20000000e-01 -8.30330486e-05 -2.20000000e-01  3.58595016e-10 -2.20000000e-01  4.24753929e-02 
-2.25000000e-01 -9.07930710e-08 -2.25000000e-01 -6.82172158e-02 -2.25000000e-01 -9.66659352e-05 -2.25000000e-01  4.19513191e-10 -2.25000000e-01  4.24753929e-02 
-2.30000000e-01 -9.08265223e-08 -2.30000000e-01 -7.94121975e-02 -2.30000000e-01 -1.12531065e-04 -2.30000000e-01  4.90751358e-10 -2.30000000e-01  4.24753929e-02 
-2.35000000e-01 -9.08654775e-08 -2.35000000e-01 -9.24384629e-02 -2.35000000e-01 -1.30991807e-04 -2.35000000e-01  5.74052966e-10 -2.35000000e-01  4.24753929e-02 
-2.40000000e-01 -9.09108420e-08 -2.40000000e-01 -1.07593513e-01 -2.40000000e-01 -1.52469929e-04 -2.40000000e-01  6.71455152e-10 -2.40000000e-01  4.24753930e-02 
-2.45000000e-01 -9.09636702e-08 -2.45000000e-01 -1.25222455e-01 -2.45000000e-01 -1.77454717e-04 -2.45000000e-01  7.85338059e-10 -2.45000000e-01  4.24753930e-02 
-2.50000000e-01 -9.10251898e-08 -2.50000000e-01 -1.45725369e-01 -2.50000000e-01 -2.06513427e-04 -2.50000000e-01  9.18482401e-10 -2.50000000e-01  4.24753930e-02 
-2.55000000e-01 -9.10968304e-08 -2.55000000e-01 -1.69565721e-01 -2.55000000e-01 -2.40303226e-04 -2.55000000e-01  1.07413666e-09 -2.55000000e-01  4.24753930e-02 
-2.60000000e-01 -9.11802565e-08 -2.60000000e-01 -1.97279942e-01 -2.60000000e-01 -2.79584795e-04 -2.60000000e-01  1.25609548e-09 -2.60000000e-01  4.24753931e-02 
-2.65000000e-01 -9.12774067e-08 -2.65000000e-01 -2.29488293e-01 -2.65000000e-01 -3.25237748e-04 -2.65000000e-01  1.46879124e-09 -2.65000000e-01  4.24753931e-02 
-2.70000000e-01 -9.13905379e-08 -2.70000000e-01 -2.66907127e-01 -2.70000000e-01 -3.78278057e-04 -2.70000000e-01  1.71740075e-09 -2.70000000e-01  4.24753932e-02 
-2.75000000e-01 -9.15222782e-08 -2.75000000e-01 -3.10362647e-01 -2.75000000e-01 -4.39877583e-04 -2.75000000e-01  2.00796991e-09 -2.75000000e-01  4.24753932e-02 
-2.80000000e-01 -9.16756876e-08 -2.80000000e-01 -3.60806236e-01 -2.80000000e-01 -5.11385871e-04 -2.80000000e-01  2.34755900e-09 -2.80000000e-01  4.24753933e-02 
-2.85000000e-01 -9.18543291e-08 -2.85000000e-01 -4.19331386e-01 -2.85000000e-01 -5.94354202e-04 -2.85000000e-01  2.74441223e-09 -2.85000000e-01  4.24753934e-02 
-2.90000000e-01 -9.20623512e-08 -2.90000000e-01 -4.87192193e-01 -2.90000000e-01 -6.90561905e-04 -2.90000000e-01  3.20815546e-09 -2.90000000e-01  4.24753935e-02 
-2.95000000e-01 -9.23045840e-08 -2.95000000e-01 -5.65823296e-01 -2.95000000e-01 -8.02044715e-04 -2.95000000e-01  3.75002677e-09 -2.95000000e-01  4.24753936e-02 
-3.00000000e-01 -9.25866512e-08 -3.00000000e-01 -6.56860982e-01 -3.00000000e-01 -9.31124824e-04 -3.00000000e-01  4.38314531e-09 -3.00000000e-01  4.24753937e-02 
-3.05000000e-01 -9.29151005e-08 -3.05000000e-01 -7.62165022e-01 -3.05000000e-01 -1.08044199e-03 -3.05000000e-01  5.12282476e-09 -3.05000000e-01  4.24753939e-02 
-3.10000000e-01 -9.32975546e-08 -3.10000000e-01 -8.83840531e-01 -3.10000000e-01 -1.25298473e-03 -3.10000000e-01  5.98693866e-09 -3.10000000e-01  4.24753940e-02 
-3.15000000e-01 -9.37428884e-08 -3.15000000e-01 -1.02425885e+00 -3.15000000e-01 -1.45212013e-03 -3.15000000e-01  6.99634623e-09 -3.15000000e-01  4.24753942e-02 
-3.20000000e-01 -9.42614339e-08 -3.20000000e-01 -1.18607603e+00 -3.20000000e-01 -1.68162038e-03 -3.20000000e-01  8.17538860e-09 -3.20000000e-01  4.24753945e-02 
-3.25000000e-01 -9.48652191e-08 -3.25000000e-01 -1.37224695e+00 -3.25000000e-01 -1.94568311e-03 -3.25000000e-01  9.55246690e-09 -3.25000000e-01  4.24753947e-02 
-3.30000000e-01 -9.55682461e-08 -3.30000000e-01 -1.58603273e+00 -3.30000000e-01 -2.24894224e-03 -3.30000000e-01  1.11607157e-08 -3.30000000e-01  4.24753950e-02 
-3.35000000e-01 -9.63868147e-08 -3.35000000e-01 -1.83099795e+00 -3.35000000e-01 -2.59646468e-03 -3.35000000e-01  1.30387872e-08 -3.35000000e-01  4.24753954e-02 
-3.40000000e-01 -9.73398985e-08 -3.40000000e-01 -2.11099426e+00 -3.40000000e-01 -2.99372742e-03 -3.40000000e-01  1.52317649e-08 -3.40000000e-01  4.24753958e-02 
-3.45000000e-01 -9.84495832e-08 -3.45000000e-01 -2.43012529e+00 -3.45000000e-01 -3.44656864e-03 -3.45000000e-01  1.77922260e-08 -3.45000000e-01  4.24753963e-02 
-3.50000000e-01 -9.97415754e-08 -3.50000000e-01 -2.79268831e+00 -3.50000000e-01 -3.96110543e-03 -3.50000000e-01  2.07814798e-08 -3.50000000e-01  4.24753969e-02 
-3.55000000e-01 -1.01245796e-07 -3.55000000e-01 -3.20308677e+00 -3.55000000e-01 -4.54361078e-03 -3.55000000e-01  2.42710067e-08 -3.55000000e-01  4.24753976e-02 
-3.60000000e-01 -1.02997067e-07 -3.60000000e-01 -3.66570917e+00 -3.60000000e-01 -5.20034241e-03 -3.60000000e-01  2.83441338e-08 -3.60000000e-01  4.24753983e-02 
-3.65000000e-01 -1.05035917e-07 -3.65000000e-01 -4.18476979e+00 -3.65000000e-01 -5.93731778e-03 -3.65000000e-01  3.30979829e-08 -3.65000000e-01  4.24753993e-02 
-3.70000000e-01 -1.07409508e-07 -3.70000000e-01 -4.76410972e+00 -3.70000000e-01 -6.76003264e-03 -3.70000000e-01  3.86457353e-08 -3.70000000e-01  4.24754003e-02 
-3.75000000e-01 -1.10172724e-07 -3.75000000e-01 -5.40695952e+00 -3.75000000e-01 -7.67312507e-03 -3.75000000e-01  4.51192649e-08 -3.75000000e-01  4.24754015e-02 
-3.80000000e-01 -1.13389425e-07 -3.80000000e-01 -6.11567003e+00 -3.80000000e-01 -8.67999405e-03 -3.80000000e-01  5.26721969e-08 -3.80000000e-01  4.24754030e-02 
-3.85000000e-01 -1.17133917e-07 -3.85000000e-01 -6.89142371e+00 -3.85000000e-01 -9.78239021e-03 -3.85000000e-01  6.14834615e-08 -3.85000000e-01  4.24754046e-02 
-3.90000000e-01 -1.21492648e-07 -3.90000000e-01 -7.73394612e+00 -3.90000000e-01 -1.09800063e-02 -3.90000000e-01  7.17614195e-08 -3.90000000e-01  4.24754066e-02 
-3.95000000e-01 -1.26566188e-07 -3.95000000e-01 -8.64124353e+00 -3.95000000e-01 -1.22701042e-02 -3.95000000e-01  8.37486515e-08 -3.95000000e-01  4.24754089e-02 
-4.00000000e-01 -1.32471527e-07 -4.00000000e-01 -9.60939815e+00 -4.00000000e-01 -1.36472232e-02 -4.00000000e-01  9.77275142e-08 -4.00000000e-01  4.24754115e-02 
-4.05000000e-01 -1.39344739e-07 -4.05000000e-01 -1.06324539e+01 -4.05000000e-01 -1.51030163e-02 -4.05000000e-01  1.14026584e-07 -4.05000000e-01  4.24754146e-02 
-4.10000000e-01 -1.47344084e-07 -4.10000000e-01 -1.17024227e+01 -4.10000000e-01 -1.66262566e-02 -4.10000000e-01  1.33028127e-07 -4.10000000e-01  4.24754181e-02 
-4.15000000e-01 -1.56653608e-07 -4.15000000e-01 -1.28094329e+01 -4.15000000e-01 -1.82030457e-02 -4.15000000e-01  1.55176752e-07 -4.15000000e-01  4.24754223e-02 
-4.20000000e-01 -1.67487311e-07 -4.20000000e-01 -1.39420255e+01 -4.20000000e-01 -1.98172305e-02 -4.20000000e-01  1.80989435e-07 -4.20000000e-01  4.24754271e-02 
-4.25000000e-01 -1.80094003e-07 -4.25000000e-01 -1.50875864e+01 -4.25000000e-01 -2.14510152e-02 -4.25000000e-01  2.11067116e-07 -4.25000000e-01  4.24754327e-02 
-4.30000000e-01 -1.94762919e-07 -4.30000000e-01 -1.62328848e+01 -4.30000000e-01 -2.30857218e-02 -4.30000000e-01  2.46108114e-07 -4.30000000e-01  4.24754393e-02 
-4.35000000e-01 -2.11830249e-07 -4.35000000e-01 -1.73646683e+01 -4.35000000e-01 -2.47026343e-02 -4.35000000e-01  2.86923640e-07 -4.35000000e-01  4.24754469e-02 
-4.40000000e-01 -2.31686691e-07 -4.40000000e-01 -1.84702612e+01 -4.40000000e-01 -2.62838455e-02 -4.40000000e-01  3.34455707e-07 -4.40000000e-01  4.24754557e-02 
-4.45000000e-01 -2.54786223e-07 -4.45000000e-01 -1.95381061e+01 -4.45000000e-01 -2.78130279e-02 -4.45000000e-01  3.89797810e-07 -4.45000000e-01  4.24754660e-02 
-4.50000000e-01 -2.81656253e-07 -4.50000000e-01 -2.05582044e+01 -4.50000000e-01 -2.92760583e-02 -4.50000000e-01  4.54218779e-07 -4.50000000e-01  4.24754780e-02 
-4.55000000e-01 -3.12909385e-07 -4.55000000e-01 -2.15224208e+01 -4.55000000e-01 -3.06614526e-02 -4.55000000e-01  5.29190267e-07 -4.55000000e-01  4.24754919e-02 
-4.60000000e-01 -3.49257032e-07 -4.60000000e-01 -2.24246400e+01 -4.60000000e-01 -3.19605909e-02 -4.60000000e-01  6.16418397e-07 -4.60000000e-01  4.24755081e-02 
-4.65000000e-01 -3.91525170e-07 -4.65000000e-01 -2.32607808e+01 -4.65000000e-01 -3.31677399e-02 -4.65000000e-01  7.17880176e-07 -4.65000000e-01  4.24755270e-02 
-4.70000000e-01 -4.40672567e-07 -4.70000000e-01 -2.40286884e+01 -4.70000000e-01 -3.42799031e-02 -4.70000000e-01  8.35865331e-07 -4.70000000e-01  4.24755489e-02 
-4.75000000e-01 -4.97811837e-07 -4.75000000e-01 -2.47279332e+01 -4.75000000e-01 -3.52965380e-02 -4.75000000e-01  9.73024340e-07 -4.75000000e-01  4.24755743e-02 
-4.80000000e-01 -5.64233783e-07 -4.80000000e-01 -2.53595514e+01 -4.80000000e-01 -3.62191906e-02 -4.80000000e-01  1.13242350e-06 -4.80000000e-01  4.24756039e-02 
-4.85000000e-01 -6.41435484e-07 -4.85000000e-01 -2.59257564e+01 -4.85000000e-01 -3.70510876e-02 -4.85000000e-01  1.31760798e-06 -4.85000000e-01  4.24756383e-02 
-4.90000000e-01 -7.31152714e-07 -4.90000000e-01 -2.64296499e+01 -4.90000000e-01 -3.77967280e-02 -4.90000000e-01  1.53267394e-06 -4.90000000e-01  4.24756783e-02 
-4.95000000e-01 -8.35397308e-07 -4.95000000e-01 -2.68749506e+01 -4.95000000e-01 -3.84614994e-02 -4.95000000e-01  1.78235088e-06 -4.95000000e-01  4.24757248e-02 
-5.00000000e-01 -9.56500215e-07 -5.00000000e-01 -2.72657543e+01 -5.00000000e-01 -3.90513389e-02 -5.00000000e-01  2.07209552e-06 -5.00000000e-01  4.24757788e-02 
-5.05000000e-01 -1.09716105e-06 -5.05000000e-01 -2.76063329e+01 -5.05000000e-01 -3.95724476e-02 -5.05000000e-01  2.40819867e-06 -5.05000000e-01  4.24758415e-02 
-5.10000000e-01 -1.26050508e-06 -5.10000000e-01 -2.79009722e+01 -5.10000000e-01 -4.00310615e-02 -5.10000000e-01  2.79790662e-06 -5.10000000e-01  4.24759143e-02 
-5.15000000e-01 -1.45014870e-06 -5.15000000e-01 -2.81538485e+01 -5.15000000e-01 -4.04332759e-02 -5.15000000e-01  3.24955886e-06 -5.15000000e-01  4.24759988e-02 
-5.20000000e-01 -1.67027455e-06 -5.20000000e-01 -2.83689390e+01 -5.20000000e-01 -4.07849190e-02 -5.20000000e-01  3.77274381e-06 -5.20000000e-01  4.24760969e-02 
-5.25000000e-01 -1.92571769e-06 -5.25000000e-01 -2.85499620e+01 -5.25000000e-01 -4.10914660e-02 -5.25000000e-01  4.37847476e-06 -5.25000000e-01  4.24762108e-02 
-5.30000000e-01 -2.22206417e-06 -5.30000000e-01 -2.87003399e+01 -5.30000000e-01 -4.13579878e-02 -5.30000000e-01  5.07938793e-06 -5.30000000e-01  4.24763429e-02 
-5.35000000e-01 -2.56576386e-06 -5.35000000e-01 -2.88231821e+01 -5.35000000e-01 -4.15891256e-02 -5.35000000e-01  5.88996498e-06 -5.35000000e-01  4.24764961e-02 
-5.40000000e-01 -2.96425921e-06 -5.40000000e-01 -2.89212815e+01 -5.40000000e-01 -4.17890855e-02 -5.40000000e-01  6.82678226e-06 -5.40000000e-01  4.24766737e-02 
-5.45000000e-01 -3.42613209e-06 -5.45000000e-01 -2.89971210e+01 -5.45000000e-01 -4.19616486e-02 -5.45000000e-01  7.90878904e-06 -5.45000000e-01  4.24768795e-02 
-5.50000000e-01 -3.96127091e-06 -5.50000000e-01 -2.90528878e+01 -5.50000000e-01 -4.21101897e-02 -5.50000000e-01  9.15761723e-06 -5.50000000e-01  4.24771181e-02 
-5.55000000e-01 -4.58106065e-06 -5.55000000e-01 -2.90904916e+01 -5.55000000e-01 -4.22377034e-02 -5.55000000e-01  1.05979248e-05 -5.55000000e-01  4.24773943e-02 
-5.60000000e-01 -5.29859824e-06 -5.60000000e-01 -2.91115857e+01 -5.60000000e-01 -4.23468330e-02 -5.60000000e-01  1.22577747e-05 -5.60000000e-01  4.24777141e-02 
-5.65000000e-01 -6.12893650e-06 -5.65000000e-01 -2.91175865e+01 -5.65000000e-01 -4.24399020e-02 -5.65000000e-01  1.41690525e-05 -5.65000000e-01  4.24780842e-02 
-5.70000000e-01 -7.08935955e-06 -5.70000000e-01 -2.91097008e+01 -5.70000000e-01 -4.25189442e-02 -5.70000000e-01  1.63679216e-05 -5.70000000e-01  4.24785122e-02 
-5.75000000e-01 -8.19969356e-06 -5.75000000e-01 -2.90889491e+01 -5.75000000e-01 -4.25857343e-02 -5.75000000e-01  1.88953213e-05 -5.75000000e-01  4.24790071e-02 
-5.80000000e-01 -9.48265589e-06 -5.80000000e-01 -2.90561795e+01 -5.80000000e-01 -4.26418158e-02 -5.80000000e-01  2.17975043e-05 -5.80000000e-01  4.24795788e-02 
-5.85000000e-01 -1.09642466e-05 -5.85000000e-01 -2.90120910e+01 -5.85000000e-01 -4.26885278e-02 -5.85000000e-01  2.51266157e-05 -5.85000000e-01  4.24802391e-02 
-5.90000000e-01 -1.26741867e-05 -5.90000000e-01 -2.89572515e+01 -5.90000000e-01 -4.27270288e-02 -5.90000000e-01  2.89413113e-05 -5.90000000e-01  4.24810011e-02 
-5.95000000e-01 -1.46464059e-05 -5.95000000e-01 -2.88921148e+01 -5.95000000e-01 -4.27583189e-02 -5.95000000e-01  3.33074139e-05 -5.95000000e-01  4.24818799e-02 
-6.00000000e-01 -1.69195861e-05 -6.00000000e-01 -2.88170364e+01 -6.00000000e-01 -4.27832594e-02 -6.00000000e-01  3.82986029e-05 -6.00000000e-01  4.24828928e-02 
-6.05000000e-01 -1.95377627e-05 -6.05000000e-01 -2.87322880e+01 -6.05000000e-01 -4.28025905e-02 -6.05000000e-01  4.39971323e-05 -6.05000000e-01  4.24840594e-02 
-6.10000000e-01 -2.25509885e-05 -6.10000000e-01 -2.86380708e+01 -6.10000000e-01 -4.28169470e-02 -6.10000000e-01  5.04945717e-05 -6.10000000e-01  4.24854020e-02 
-6.15000000e-01 -2.60160642e-05 -6.15000000e-01 -2.85345280e+01 -6.15000000e-01 -4.28268720e-02 -6.15000000e-01  5.78925591e-05 -6.15000000e-01  4.24869457e-02 
-6.20000000e-01 -2.99973390e-05 -6.20000000e-01 -2.84217562e+01 -6.20000000e-01 -4.28328295e-02 -6.20000000e-01  6.63035575e-05 -6.20000000e-01  4.24887193e-02 
-6.25000000e-01 -3.45675834e-05 -6.25000000e-01 -2.82998166e+01 -6.25000000e-01 -4.28352148e-02 -6.25000000e-01  7.58516016e-05 -6.25000000e-01  4.24907551e-02 
-6.30000000e-01 -3.98089382e-05 -6.30000000e-01 -2.81687446e+01 -6.30000000e-01 -4.28343641e-02 -6.30000000e-01  8.66730204e-05 -6.30000000e-01  4.24930896e-02 
-6.35000000e-01 -4.58139406e-05 -6.35000000e-01 -2.80285602e+01 -6.35000000e-01 -4.28305630e-02 -6.35000000e-01  9.89171205e-05 -6.35000000e-01  4.24957639e-02 
-6.40000000e-01 -5.26866286e-05 -6.40000000e-01 -2.78792766e+01 -6.40000000e-01 -4.28240532e-02 -6.40000000e-01  1.12746813e-04 -6.40000000e-01  4.24988242e-02 
-6.45000000e-01 -6.05437241e-05 -6.45000000e-01 -2.77209090e+01 -6.45000000e-01 -4.28150394e-02 -6.45000000e-01  1.28339166e-04 -6.45000000e-01  4.25023223e-02 
-6.50000000e-01 -6.95158943e-05 -6.50000000e-01 -2.75534833e+01 -6.50000000e-01 -4.28036946e-02 -6.50000000e-01  1.45885864e-04 -6.50000000e-01  4.25063162e-02 
-6.55000000e-01 -7.97490892e-05 -6.55000000e-01 -2.73770436e+01 -6.55000000e-01 -4.27901650e-02 -6.55000000e-01  1.65593566e-04 -6.55000000e-01  4.25108706e-02 
-6.60000000e-01 -9.14059530e-05 -6.60000000e-01 -2.71916602e+01 -6.60000000e-01 -4.27745741e-02 -6.60000000e-01  1.87684126e-04 -6.60000000e-01  4.25160574e-02 
-6.65000000e-01 -1.04667305e-04 -6.65000000e-01 -2.69974359e+01 -6.65000000e-01 -4.27570265e-02 -6.65000000e-01  2.12394699e-04 -6.65000000e-01  4.25219566e-02 
-6.70000000e-01 -1.19733690e-04 -6.70000000e-01 -2.67945133e+01 -6.70000000e-01 -4.27376111e-02 -6.70000000e-01  2.39977686e-04 -6.70000000e-01  4.25286568e-02 
-6.75000000e-01 -1.36826986e-04 -6.75000000e-01 -2.65830799e+01 -6.75000000e-01 -4.27164036e-02 -6.75000000e-01  2.70700558e-04 -6.75000000e-01  4.25362559e-02 
-6.80000000e-01 -1.56192073e-04 -6.80000000e-01 -2.63633740e+01 -6.80000000e-01 -4.26934693e-02 -6.80000000e-01  3.04845527e-04 -6.80000000e-01  4.25448618e-02 
-6.85000000e-01 -1.78098554e-04 -6.85000000e-01 -2.61356883e+01 -6.85000000e-01 -4.26688643e-02 -6.85000000e-01  3.42709111e-04 -6.85000000e-01  4.25545929e-02 
-6.90000000e-01 -2.02842528e-04 -6.90000000e-01 -2.59003740e+01 -6.90000000e-01 -4.26426381e-02 -6.90000000e-01  3.84601603e-04 -6.90000000e-01  4.25655792e-02 
-6.95000000e-01 -2.30748414e-04 -6.95000000e-01 -2.56578427e+01 -6.95000000e-01 -4.26148342e-02 -6.95000000e-01  4.30846476e-04 -6.95000000e-01  4.25779628e-02 
-7.00000000e-01 -2.62170819e-04 -7.00000000e-01 -2.54085677e+01 -7.00000000e-01 -4.25854912e-02 -7.00000000e-01  4.81779783e-04 -7.00000000e-01  4.25918985e-02 
-7.05000000e-01 -2.97496470e-04 -7.05000000e-01 -2.51530844e+01 -7.05000000e-01 -4.25546441e-02 -7.05000000e-01  5.37749592e-04 -7.05000000e-01  4.26075546e-02 
-7.10000000e-01 -3.37146206e-04 -7.10000000e-01 -2.48919887e+01 -7.10000000e-01 -4.25223241e-02 -7.10000000e-01  5.99115536e-04 -7.10000000e-01  4.26251136e-02 
-7.15000000e-01 -3.81577047e-04 -7.15000000e-01 -2.46259348e+01 -7.15000000e-01 -4.24885595e-02 -7.15000000e-01  6.66248527e-04 -7.15000000e-01  4.26447733e-02 
-7.20000000e-01 -4.31284353e-04 -7.20000000e-01 -2.43556313e+01 -7.20000000e-01 -4.24533751e-02 -7.20000000e-01  7.39530736e-04 -7.20000000e-01  4.26667466e-02 
-7.25000000e-01 -4.86804117e-04 -7.25000000e-01 -2.40818361e+01 -7.25000000e-01 -4.24167929e-02 -7.25000000e-01  8.19355890e-04 -7.25000000e-01  4.26912633e-02 
-7.30000000e-01 -5.48715388e-04 -7.30000000e-01 -2.38053503e+01 -7.30000000e-01 -4.23788307e-02 -7.30000000e-01  9.06129975e-04 -7.30000000e-01  4.27185700e-02 
-7.35000000e-01 -6.17642898e-04 -7.35000000e-01 -2.35270112e+01 -7.35000000e-01 -4.23395026e-02 -7.35000000e-01  1.00027241e-03 -7.35000000e-01  4.27489313e-02 
-7.40000000e-01 -6.94259910e-04 -7.40000000e-01 -2.32476836e+01 -7.40000000e-01 -4.22988179e-02 -7.40000000e-01  1.10221778e-03 -7.40000000e-01  4.27826304e-02 
-7.45000000e-01 -7.79291346e-04 -7.45000000e-01 -2.29682517e+01 -7.45000000e-01 -4.22567801e-02 -7.45000000e-01  1.21241808e-03 -7.45000000e-01  4.28199701e-02 
-7.50000000e-01 -8.73517258e-04 -7.50000000e-01 -2.26896091e+01 -7.50000000e-01 -4.22133869e-02 -7.50000000e-01  1.33134570e-03 -7.50000000e-01  4.28612734e-02 
-7.55000000e-01 -9.77776687e-04 -7.55000000e-01 -2.24126498e+01 -7.55000000e-01 -4.21686283e-02 -7.55000000e-01  1.45949698e-03 -7.55000000e-01  4.29068847e-02 
-7.60000000e-01 -1.09297199e-03 -7.60000000e-01 -2.21382582e+01 -7.60000000e-01 -4.21224867e-02 -7.60000000e-01  1.59739643e-03 -7.60000000e-01  4.29571710e-02 
-7.65000000e-01 -1.22007371e-03 -7.65000000e-01 -2.18672999e+01 -7.65000000e-01 -4.20749352e-02 -7.65000000e-01  1.74560169e-03 -7.65000000e-01  4.30125226e-02 
-7.70000000e-01 -1.36012604e-03 -7.70000000e-01 -2.16006127e+01 -7.70000000e-01 -4.20259374e-02 -7.70000000e-01  1.90470904e-03 -7.70000000e-01  4.30733545e-02 
-7.75000000e-01 -1.51425299e-03 -7.75000000e-01 -2.13389983e+01 -7.75000000e-01 -4.19754461e-02 -7.75000000e-01  2.07535968e-03 -7.75000000e-01  4.31401082e-02 
-7.80000000e-01 -1.68366530e-03 -7.80000000e-01 -2.10832147e+01 -7.80000000e-01 -4.19234030e-02 -7.80000000e-01  2.25824647e-03 -7.80000000e-01  4.32132524e-02 
-7.85000000e-01 -1.86966827e-03 -7.85000000e-01 -2.08339697e+01 -7.85000000e-01 -4.18697378e-02 -7.85000000e-01  2.45412144e-03 -7.85000000e-01  4.32932855e-02 
-7.90000000e-01 -2.07367044e-03 -7.90000000e-01 -2.05919153e+01 -7.90000000e-01 -4.18143679e-02 -7.90000000e-01  2.66380375e-03 -7.90000000e-01  4.33807368e-02 
-7.95000000e-01 -2.29719343e-03 -7.95000000e-01 -2.03576435e+01 -7.95000000e-01 -4.17571980e-02 -7.95000000e-01  2.88818825e-03 -7.95000000e-01  4.34761687e-02 
-8.00000000e-01 -2.54188277e-03 -8.00000000e-01 -2.01316824e+01 -8.00000000e-01 -4.16981201e-02 -8.00000000e-01  3.12825465e-03 -8.00000000e-01  4.35801787e-02 
-8.05000000e-01 -2.80952014e-03 -8.05000000e-01 -1.99144948e+01 -8.05000000e-01 -4.16370131e-02 -8.05000000e-01  3.38507715e-03 -8.05000000e-01  4.36934016e-02 
-8.10000000e-01 -3.10203680e-03 -8.10000000e-01 -1.97064760e+01 -8.10000000e-01 -4.15737436e-02 -8.10000000e-01  3.65983474e-03 -8.10000000e-01  4.38165120e-02 
-8.15000000e-01 -3.42152862e-03 -8.15000000e-01 -1.95079545e+01 -8.15000000e-01 -4.15081654e-02 -8.15000000e-01  3.95382208e-03 -8.15000000e-01  4.39502267e-02 
-8.20000000e-01 -3.77027261e-03 -8.20000000e-01 -1.93191917e+01 -8.20000000e-01 -4.14401208e-02 -8.20000000e-01  4.26846101e-03 -8.20000000e-01  4.40953074e-02 
-8.25000000e-01 -4.15074525e-03 -8.25000000e-01 -1.91403837e+01 -8.25000000e-01 -4.13694408e-02 -8.25000000e-01  4.60531276e-03 -8.25000000e-01  4.42525631e-02 
-8.30000000e-01 -4.56564265e-03 -8.30000000e-01 -1.89716629e+01 -8.30000000e-01 -4.12959465e-02 -8.30000000e-01  4.96609089e-03 -8.30000000e-01  4.44228532e-02 
-8.35000000e-01 -5.01790280e-03 -8.35000000e-01 -1.88131002e+01 -8.35000000e-01 -4.12194495e-02 -8.35000000e-01  5.35267506e-03 -8.35000000e-01  4.46070902e-02 
-8.40000000e-01 -5.51072998e-03 -8.40000000e-01 -1.86647072e+01 -8.40000000e-01 -4.11397539e-02 -8.40000000e-01  5.76712558e-03 -8.40000000e-01  4.48062422e-02 
-8.45000000e-01 -6.04762158e-03 -8.45000000e-01 -1.85264394e+01 -8.45000000e-01 -4.10566573e-02 -8.45000000e-01  6.21169889e-03 -8.45000000e-01  4.50213364e-02 
-8.50000000e-01 -6.63239751e-03 -8.50000000e-01 -1.83981980e+01 -8.50000000e-01 -4.09699528e-02 -8.50000000e-01  6.68886393e-03 -8.50000000e-01  4.52534610e-02 
-8.55000000e-01 -7.26923235e-03 -8.55000000e-01 -1.82798331e+01 -8.55000000e-01 -4.08794308e-02 -8.55000000e-01  7.20131940e-03 -8.55000000e-01  4.55037687e-02 
-8.60000000e-01 -7.96269054e-03 -8.60000000e-01 -1.81711456e+01 -8.60000000e-01 -4.07848811e-02 -8.60000000e-01  7.75201191e-03 -8.60000000e-01  4.57734783e-02 
-8.65000000e-01 -8.71776470e-03 -8.65000000e-01 -1.80718891e+01 -8.65000000e-01 -4.06860952e-02 -8.65000000e-01  8.34415500e-03 -8.65000000e-01  4.60638778e-02 
-8.70000000e-01 -9.53991738e-03 -8.70000000e-01 -1.79817720e+01 -8.70000000e-01 -4.05828688e-02 -8.70000000e-01  8.98124881e-03 -8.70000000e-01  4.63763260e-02 
-8.75000000e-01 -1.04351264e-02 -8.75000000e-01 -1.79004587e+01 -8.75000000e-01 -4.04750049e-02 -8.75000000e-01  9.66710033e-03 -8.75000000e-01  4.67122544e-02 
-8.80000000e-01 -1.14099339e-02 -8.80000000e-01 -1.78275704e+01 -8.80000000e-01 -4.03623161e-02 -8.80000000e-01  1.04058441e-02 -8.80000000e-01  4.70731685e-02 
-8.85000000e-01 -1.24714996e-02 -8.85000000e-01 -1.77626863e+01 -8.85000000e-01 -4.02446280e-02 -8.85000000e-01  1.12019626e-02 -8.85000000e-01  4.74606488e-02 
-8.90000000e-01 -1.36276574e-02 -8.90000000e-01 -1.77053439e+01 -8.90000000e-01 -4.01217824e-02 -8.90000000e-01  1.20603071e-02 -8.90000000e-01  4.78763510e-02 
-8.95000000e-01 -1.48869770e-02 -8.95000000e-01 -1.76550393e+01 -8.95000000e-01 -3.99936407e-02 -8.95000000e-01  1.29861166e-02 -8.95000000e-01  4.83220059e-02 
-9.00000000e-01 -1.62588293e-02 -9.00000000e-01 -1.76112272e+01 -9.00000000e-01 -3.98600870e-02 -9.00000000e-01  1.39850365e-02 -9.00000000e-01  4.87994186e-02 
-9.05000000e-01 -1.77534554e-02 -9.05000000e-01 -1.75733215e+01 -9.05000000e-01 -3.97210320e-02 -9.05000000e-01  1.50631347e-02 -9.05000000e-01  4.93104665e-02 
-9.10000000e-01 -1.93820399e-02 -9.10000000e-01 -1.75406957e+01 -9.10000000e-01 -3.95764158e-02 -9.10000000e-01  1.62269152e-02 -9.10000000e-01  4.98570967e-02 
-9.15000000e-01 -2.11567884e-02 -9.15000000e-01 -1.75126829e+01 -9.15000000e-01 -3.94262114e-02 -9.15000000e-01  1.74833277e-02 -9.15000000e-01  5.04413231e-02 
-9.20000000e-01 -2.30910067e-02 -9.20000000e-01 -1.74885776e+01 -9.20000000e-01 -3.92704282e-02 -9.20000000e-01  1.88397734e-02 -9.20000000e-01  5.10652208e-02 
-9.25000000e-01 -2.51991844e-02 -9.25000000e-01 -1.74676367e+01 -9.25000000e-01 -3.91091139e-02 -9.25000000e-01  2.03041044e-02 -9.25000000e-01  5.17309214e-02 
-9.30000000e-01 -2.74970787e-02 -9.30000000e-01 -1.74490822e+01 -9.30000000e-01 -3.89423581e-02 -9.30000000e-01  2.18846168e-02 -9.30000000e-01  5.24406055e-02 
-9.35000000e-01 -3.00018006e-02 -9.35000000e-01 -1.74321039e+01 -9.35000000e-01 -3.87702934e-02 -9.35000000e-01  2.35900358e-02 -9.35000000e-01  5.31964950e-02 
-9.40000000e-01 -3.27318999e-02 -9.40000000e-01 -1.74158636e+01 -9.40000000e-01 -3.85930973e-02 -9.40000000e-01  2.54294919e-02 -9.40000000e-01  5.40008435e-02 
-9.45000000e-01 -3.57074492e-02 -9.45000000e-01 -1.73995000e+01 -9.45000000e-01 -3.84109934e-02 -9.45000000e-01  2.74124868e-02 -9.45000000e-01  5.48559257e-02 
-9.50000000e-01 -3.89501242e-02 -9.50000000e-01 -1.73821347e+01 -9.50000000e-01 -3.82242514e-02 -9.50000000e-01  2.95488483e-02 -9.50000000e-01  5.57640256e-02 
-9.55000000e-01 -4.24832801e-02 -9.55000000e-01 -1.73628795e+01 -9.55000000e-01 -3.80331864e-02 -9.55000000e-01  3.18486731e-02 -9.55000000e-01  5.67274236e-02 
-9.60000000e-01 -4.63320200e-02 -9.60000000e-01 -1.73408438e+01 -9.60000000e-01 -3.78381584e-02 -9.60000000e-01  3.43222567e-02 -9.60000000e-01  5.77483817e-02 
-9.65000000e-01 -5.05232553e-02 -9.65000000e-01 -1.73151445e+01 -9.65000000e-01 -3.76395697e-02 -9.65000000e-01  3.69800108e-02 -9.65000000e-01  5.88291284e-02 
-9.70000000e-01 -5.50857537e-02 -9.70000000e-01 -1.72849149e+01 -9.70000000e-01 -3.74378627e-02 -9.70000000e-01  3.98323671e-02 -9.70000000e-01  5.99718427e-02 
-9.75000000e-01 -6.00501746e-02 -9.75000000e-01 -1.72493157e+01 -9.75000000e-01 -3.72335160e-02 -9.75000000e-01  4.28896693e-02 -9.75000000e-01  6.11786369e-02 
-9.80000000e-01 -6.54490883e-02 -9.80000000e-01 -1.72075455e+01 -9.80000000e-01 -3.70270402e-02 -9.80000000e-01  4.61620528e-02 -9.80000000e-01  6.24515391e-02 
-9.85000000e-01 -7.13169760e-02 -9.85000000e-01 -1.71588513e+01 -9.85000000e-01 -3.68189736e-02 -9.85000000e-01  4.96593147e-02 -9.85000000e-01  6.37924755e-02 
-9.90000000e-01 -7.76902110e-02 -9.90000000e-01 -1.71025397e+01 -9.90000000e-01 -3.66098765e-02 -9.90000000e-01  5.33907762e-02 -9.90000000e-01  6.52032529e-02 
-9.95000000e-01 -8.46070163e-02 -9.95000000e-01 -1.70379868e+01 -9.95000000e-01 -3.64003256e-02 -9.95000000e-01  5.73651386e-02 -9.95000000e-01  6.66855410e-02 
-1.00000000e+00 -9.21073991e-02 -1.00000000e+00 -1.69646471e+01 -1.00000000e+00 -3.61909080e-02 -1.00000000e+00  6.15903380e-02 -1.00000000e+00  6.82408556e-02 
-1.00500000e+00 -1.00233060e-01 -1.00500000e+00 -1.68820623e+01 -1.00500000e+00 -3.59822149e-02 -1.00500000e+00  6.60734006e-02 -1.00500000e+00  6.98705433e-02 
-1.01000000e+00 -1.09027278e-01 -1.01000000e+00 -1.67898678e+01 -1.01000000e+00 -3.57748359e-02 -1.01000000e+00  7.08203034e-02 -1.01000000e+00  7.15757666e-02 
-1.01500000e+00 -1.18534768e-01 -1.01500000e+00 -1.66877977e+01 -1.01500000e+00 -3.55693527e-02 -1.01500000e+00  7.58358438e-02 -1.01500000e+00  7.33574911e-02 
-1.02000000e+00 -1.28801516e-01 -1.02000000e+00 -1.65756885e+01 -1.02000000e+00 -3.53663333e-02 -1.02000000e+00  8.11235231e-02 -1.02000000e+00  7.52164748e-02 
-1.02500000e+00 -1.39874590e-01 -1.02500000e+00 -1.64534802e+01 -1.02500000e+00 -3.51663269e-02 -1.02500000e+00  8.66854457e-02 -1.02500000e+00  7.71532590e-02 
-1.03000000e+00 -1.51801930e-01 -1.03000000e+00 -1.63212160e+01 -1.03000000e+00 -3.49698591e-02 -1.03000000e+00  9.25222408e-02 -1.03000000e+00  7.91681621e-02 
-1.03500000e+00 -1.64632118e-01 -1.03500000e+00 -1.61790396e+01 -1.03500000e+00 -3.47774272e-02 -1.03500000e+00  9.86330060e-02 -1.03500000e+00  8.12612758e-02 
-1.04000000e+00 -1.78414140e-01 -1.04000000e+00 -1.60271913e+01 -1.04000000e+00 -3.45894972e-02 -1.04000000e+00  1.05015278e-01 -1.04000000e+00  8.34324634e-02 
-1.04500000e+00 -1.93197124e-01 -1.04500000e+00 -1.58660014e+01 -1.04500000e+00 -3.44065002e-02 -1.04500000e+00  1.11665031e-01 -1.04500000e+00  8.56813619e-02 
-1.05000000e+00 -2.09030086e-01 -1.05000000e+00 -1.56958832e+01 -1.05000000e+00 -3.42288305e-02 -1.05000000e+00  1.18576702e-01 -1.05000000e+00  8.80073854e-02 
-1.05500000e+00 -2.25961665e-01 -1.05500000e+00 -1.55173241e+01 -1.05500000e+00 -3.40568442e-02 -1.05500000e+00  1.25743243e-01 -1.05500000e+00  9.04097319e-02 
-1.06000000e+00 -2.44039858e-01 -1.06000000e+00 -1.53308756e+01 -1.06000000e+00 -3.38908576e-02 -1.06000000e+00  1.33156204e-01 -1.06000000e+00  9.28873924e-02 
-1.06500000e+00 -2.63311771e-01 -1.06500000e+00 -1.51371434e+01 -1.06500000e+00 -3.37311476e-02 -1.06500000e+00  1.40805833e-01 -1.06500000e+00  9.54391616e-02 
-1.07000000e+00 -2.83823373e-01 -1.07000000e+00 -1.49367764e+01 -1.07000000e+00 -3.35779515e-02 -1.07000000e+00  1.48681206e-01 -1.07000000e+00  9.80636513e-02 
-1.07500000e+00 -3.05619269e-01 -1.07500000e+00 -1.47304560e+01 -1.07500000e+00 -3.34314679e-02 -1.07500000e+00  1.56770363e-01 -1.07500000e+00  1.00759305e-01 
-1.08000000e+00 -3.28742490e-01 -1.08000000e+00 -1.45188855e+01 -1.08000000e+00 -3.32918582e-02 -1.08000000e+00  1.65060471e-01 -1.08000000e+00  1.03524413e-01 
-1.08500000e+00 -3.53234307e-01 -1.08500000e+00 -1.43027797e+01 -1.08500000e+00 -3.31592477e-02 -1.08500000e+00  1.73537983e-01 -1.08500000e+00  1.06357130e-01 
-1.09000000e+00 -3.79134062e-01 -1.09000000e+00 -1.40828555e+01 -1.09000000e+00 -3.30337281e-02 -1.09000000e+00  1.82188813e-01 -1.09000000e+00  1.09255493e-01 
-1.09500000e+00 -4.06479037e-01 -1.09500000e+00 -1.38598233e+01 -1.09500000e+00 -3.29153592e-02 -1.09500000e+00  1.90998503e-01 -1.09500000e+00  1.12217438e-01 
-1.10000000e+00 -4.35304334e-01 -1.10000000e+00 -1.36343789e+01 -1.10000000e+00 -3.28041713e-02 -1.10000000e+00  1.99952392e-01 -1.10000000e+00  1.15240820e-01 
-1.10500000e+00 -4.65642794e-01 -1.10500000e+00 -1.34071966e+01 -1.10500000e+00 -3.27001680e-02 -1.10500000e+00  2.09035774e-01 -1.10500000e+00  1.18323426e-01 
-1.11000000e+00 -4.97524939e-01 -1.11000000e+00 -1.31789234e+01 -1.11000000e+00 -3.26033283e-02 -1.11000000e+00  2.18234052e-01 -1.11000000e+00  1.21462997e-01 
-1.11500000e+00 -5.30978932e-01 -1.11500000e+00 -1.29501746e+01 -1.11500000e+00 -3.25136093e-02 -1.11500000e+00  2.27532872e-01 -1.11500000e+00  1.24657243e-01 
-1.12000000e+00 -5.66030573e-01 -1.12000000e+00 -1.27215293e+01 -1.12000000e+00 -3.24309487e-02 -1.12000000e+00  2.36918246e-01 -1.12000000e+00  1.27903856e-01 
-1.12500000e+00 -6.02703311e-01 -1.12500000e+00 -1.24935281e+01 -1.12500000e+00 -3.23552671e-02 -1.12500000e+00  2.46376662e-01 -1.12500000e+00  1.31200527e-01 
-1.13000000e+00 -6.41018274e-01 -1.13000000e+00 -1.22666709e+01 -1.13000000e+00 -3.22864704e-02 -1.13000000e+00  2.55895172e-01 -1.13000000e+00  1.34544956e-01 
-1.13500000e+00 -6.80994324e-01 -1.13500000e+00 -1.20414162e+01 -1.13500000e+00 -3.22244521e-02 -1.13500000e+00  2.65461472e-01 -1.13500000e+00  1.37934869e-01 
-1.14000000e+00 -7.22648121e-01 -1.14000000e+00 -1.18181802e+01 -1.14000000e+00 -3.21690954e-02 -1.14000000e+00  2.75063953e-01 -1.14000000e+00  1.41368023e-01 
-1.14500000e+00 -7.65994204e-01 -1.14500000e+00 -1.15973374e+01 -1.14500000e+00 -3.21202746e-02 -1.14500000e+00  2.84691749e-01 -1.14500000e+00  1.44842219e-01 
-1.15000000e+00 -8.11045082e-01 -1.15000000e+00 -1.13792212e+01 -1.15000000e+00 -3.20778579e-02 -1.15000000e+00  2.94334764e-01 -1.15000000e+00  1.48355308e-01 
-1.15500000e+00 -8.57811336e-01 -1.15500000e+00 -1.11641257e+01 -1.15500000e+00 -3.20417079e-02 -1.15500000e+00  3.03983685e-01 -1.15500000e+00  1.51905201e-01 
-1.16000000e+00 -9.06301721e-01 -1.16000000e+00 -1.09523064e+01 -1.16000000e+00 -3.20116840e-02 -1.16000000e+00  3.13629990e-01 -1.16000000e+00  1.55489870e-01 
-1.16500000e+00 -9.56523278e-01 -1.16500000e+00 -1.07439829e+01 -1.16500000e+00 -3.19876432e-02 -1.16500000e+00  3.23265934e-01 -1.16500000e+00  1.59107355e-01 
-1.17000000e+00 -1.00848145e+00 -1.17000000e+00 -1.05393405e+01 -1.17000000e+00 -3.19694414e-02 -1.17000000e+00  3.32884537e-01 -1.17000000e+00  1.62755769e-01 
-1.17500000e+00 -1.06218018e+00 -1.17500000e+00 -1.03385329e+01 -1.17500000e+00 -3.19569345e-02 -1.17500000e+00  3.42479558e-01 -1.17500000e+00  1.66433297e-01 
-1.18000000e+00 -1.11762207e+00 -1.18000000e+00 -1.01416838e+01 -1.18000000e+00 -3.19499794e-02 -1.18000000e+00  3.52045465e-01 -1.18000000e+00  1.70138201e-01 
-1.18500000e+00 -1.17480841e+00 -1.18500000e+00 -9.94889007e+00 -1.18500000e+00 -3.19484345e-02 -1.18500000e+00  3.61577403e-01 -1.18500000e+00  1.73868820e-01 
-1.19000000e+00 -1.23373937e+00 -1.19000000e+00 -9.76022348e+00 -1.19000000e+00 -3.19521606e-02 -1.19000000e+00  3.71071150e-01 -1.19000000e+00  1.77623569e-01 
-1.19500000e+00 -1.29441407e+00 -1.19500000e+00 -9.57573321e+00 -1.19500000e+00 -3.19610216e-02 -1.19500000e+00  3.80523081e-01 -1.19500000e+00  1.81400940e-01 
-1.20000000e+00 -1.35683065e+00 -1.20000000e+00 -9.39544805e+00 -1.20000000e+00 -3.19748846e-02 -1.20000000e+00  3.89930126e-01 -1.20000000e+00  1.85199499e-01 
-1.20500000e+00 -1.42098643e+00 -1.20500000e+00 -9.21937851e+00 -1.20500000e+00 -3.19936207e-02 -1.20500000e+00  3.99289722e-01 -1.20500000e+00  1.89017890e-01 
-1.21000000e+00 -1.48687795e+00 -1.21000000e+00 -9.04751882e+00 -1.21000000e+00 -3.20171050e-02 -1.21000000e+00  4.08599775e-01 -1.21000000e+00  1.92854825e-01 
-1.21500000e+00 -1.55450107e+00 -1.21500000e+00 -8.87984882e+00 -1.21500000e+00 -3.20452170e-02 -1.21500000e+00  4.17858618e-01 -1.21500000e+00  1.96709093e-01 
-1.22000000e+00 -1.62385103e+00 -1.22000000e+00 -8.71633576e+00 -1.22000000e+00 -3.20778410e-02 -1.22000000e+00  4.27064967e-01 -1.22000000e+00  2.00579545e-01 
-1.22500000e+00 -1.69492257e+00 -1.22500000e+00 -8.55693591e+00 -1.22500000e+00 -3.21148656e-02 -1.22500000e+00  4.36217884e-01 -1.22500000e+00  2.04465103e-01 
-1.23000000e+00 -1.76770996e+00 -1.23000000e+00 -8.40159609e+00 -1.23000000e+00 -3.21561846e-02 -1.23000000e+00  4.45316740e-01 -1.23000000e+00  2.08364752e-01 
-1.23500000e+00 -1.84220706e+00 -1.23500000e+00 -8.25025505e+00 -1.23500000e+00 -3.22016967e-02 -1.23500000e+00  4.54361179e-01 -1.23500000e+00  2.12277535e-01 
-1.24000000e+00 -1.91840740e+00 -1.24000000e+00 -8.10284474e+00 -1.24000000e+00 -3.22513051e-02 -1.24000000e+00  4.63351083e-01 -1.24000000e+00  2.16202559e-01 
-1.24500000e+00 -1.99630421e+00 -1.24500000e+00 -7.95929145e+00 -1.24500000e+00 -3.23049183e-02 -1.24500000e+00  4.72286544e-01 -1.24500000e+00  2.20138982e-01 
-1.25000000e+00 -2.07589048e+00 -1.25000000e+00 -7.81951685e+00 -1.25000000e+00 -3.23624494e-02 -1.25000000e+00  4.81167837e-01 -1.25000000e+00  2.24086017e-01 
-1.25500000e+00 -2.15715901e+00 -1.25500000e+00 -7.68343892e+00 -1.25500000e+00 -3.24238166e-02 -1.25500000e+00  4.89995386e-01 -1.25500000e+00  2.28042928e-01 
-1.26000000e+00 -2.24010240e+00 -1.26000000e+00 -7.55097277e+00 -1.26000000e+00 -3.24889425e-02 -1.26000000e+00  4.98769750e-01 -1.26000000e+00  2.32009025e-01 
-1.26500000e+00 -2.32471317e+00 -1.26500000e+00 -7.42203140e+00 -1.26500000e+00 -3.25577546e-02 -1.26500000e+00  5.07491594e-01 -1.26500000e+00  2.35983667e-01 
-1.27000000e+00 -2.41098370e+00 -1.27000000e+00 -7.29652631e+00 -1.27000000e+00 -3.26301849e-02 -1.27000000e+00  5.16161672e-01 -1.27000000e+00  2.39966251e-01 
-1.27500000e+00 -2.49890631e+00 -1.27500000e+00 -7.17436811e+00 -1.27500000e+00 -3.27061699e-02 -1.27500000e+00  5.24780810e-01 -1.27500000e+00  2.43956217e-01 
-1.28000000e+00 -2.58847328e+00 -1.28000000e+00 -7.05546702e+00 -1.28000000e+00 -3.27856504e-02 -1.28000000e+00  5.33349888e-01 -1.28000000e+00  2.47953044e-01 
-1.28500000e+00 -2.67967684e+00 -1.28500000e+00 -6.93973329e+00 -1.28500000e+00 -3.28685716e-02 -1.28500000e+00  5.41869828e-01 -1.28500000e+00  2.51956243e-01 
-1.29000000e+00 -2.77250923e+00 -1.29000000e+00 -6.82707761e+00 -1.29000000e+00 -3.29548828e-02 -1.29000000e+00  5.50341580e-01 -1.29000000e+00  2.55965363e-01 
-1.29500000e+00 -2.86696267e+00 -1.29500000e+00 -6.71741136e+00 -1.29500000e+00 -3.30445372e-02 -1.29500000e+00  5.58766112e-01 -1.29500000e+00  2.59979981e-01 
-1.30000000e+00 -2.96302943e+00 -1.30000000e+00 -6.61064701e+00 -1.30000000e+00 -3.31374922e-02 -1.30000000e+00  5.67144400e-01 -1.30000000e+00  2.63999706e-01 
-1.30500000e+00 -3.06070177e+00 -1.30500000e+00 -6.50669822e+00 -1.30500000e+00 -3.32337088e-02 -1.30500000e+00  5.75477419e-01 -1.30500000e+00  2.68024172e-01 
-1.31000000e+00 -3.15997202e+00 -1.31000000e+00 -6.40548014e+00 -1.31000000e+00 -3.33331519e-02 -1.31000000e+00  5.83766137e-01 -1.31000000e+00  2.72053042e-01 
-1.31500000e+00 -3.26083252e+00 -1.31500000e+00 -6.30690951e+00 -1.31500000e+00 -3.34357898e-02 -1.31500000e+00  5.92011508e-01 -1.31500000e+00  2.76086001e-01 
-1.32000000e+00 -3.36327570e+00 -1.32000000e+00 -6.21090481e+00 -1.32000000e+00 -3.35415944e-02 -1.32000000e+00  6.00214468e-01 -1.32000000e+00  2.80122757e-01 
-1.32500000e+00 -3.46729402e+00 -1.32500000e+00 -6.11738640e+00 -1.32500000e+00 -3.36505413e-02 -1.32500000e+00  6.08375928e-01 -1.32500000e+00  2.84163040e-01 
-1.33000000e+00 -3.57288000e+00 -1.33000000e+00 -6.02627651e+00 -1.33000000e+00 -3.37626089e-02 -1.33000000e+00  6.16496773e-01 -1.33000000e+00  2.88206599e-01 
-1.33500000e+00 -3.68002624e+00 -1.33500000e+00 -5.93749941e+00 -1.33500000e+00 -3.38777794e-02 -1.33500000e+00  6.24577859e-01 -1.33500000e+00  2.92253201e-01 
-1.34000000e+00 -3.78872539e+00 -1.34000000e+00 -5.85098137e+00 -1.34000000e+00 -3.39960376e-02 -1.34000000e+00  6.32620010e-01 -1.34000000e+00  2.96302632e-01 
-1.34500000e+00 -3.89897016e+00 -1.34500000e+00 -5.76665072e+00 -1.34500000e+00 -3.41173719e-02 -1.34500000e+00  6.40624013e-01 -1.34500000e+00  3.00354691e-01 
-1.35000000e+00 -4.01075335e+00 -1.35000000e+00 -5.68443787e+00 -1.35000000e+00 -3.42417734e-02 -1.35000000e+00  6.48590623e-01 -1.35000000e+00  3.04409194e-01 
-1.35500000e+00 -4.12406781e+00 -1.35500000e+00 -5.60427529e+00 -1.35500000e+00 -3.43692361e-02 -1.35500000e+00  6.56520558e-01 -1.35500000e+00  3.08465972e-01 
-1.36000000e+00 -4.23890645e+00 -1.36000000e+00 -5.52609752e+00 -1.36000000e+00 -3.44997572e-02 -1.36000000e+00  6.64414498e-01 -1.36000000e+00  3.12524865e-01 
-1.36500000e+00 -4.35526226e+00 -1.36500000e+00 -5.44984113e+00 -1.36500000e+00 -3.46333363e-02 -1.36500000e+00  6.72273088e-01 -1.36500000e+00  3.16585729e-01 
-1.37000000e+00 -4.47312829e+00 -1.37000000e+00 -5.37544473e+00 -1.37000000e+00 -3.47699761e-02 -1.37000000e+00  6.80096935e-01 -1.37000000e+00  3.20648428e-01 
-1.37500000e+00 -4.59249764e+00 -1.37500000e+00 -5.30284891e+00 -1.37500000e+00 -3.49096820e-02 -1.37500000e+00  6.87886607e-01 -1.37500000e+00  3.24712840e-01 
-1.38000000e+00 -4.71336348e+00 -1.38000000e+00 -5.23199621e+00 -1.38000000e+00 -3.50524618e-02 -1.38000000e+00  6.95642639e-01 -1.38000000e+00  3.28778849e-01 
-1.38500000e+00 -4.83571903e+00 -1.38500000e+00 -5.16283110e+00 -1.38500000e+00 -3.51983263e-02 -1.38500000e+00  7.03365529e-01 -1.38500000e+00  3.32846349e-01 
-1.39000000e+00 -4.95955758e+00 -1.39000000e+00 -5.09529992e+00 -1.39000000e+00 -3.53472886e-02 -1.39000000e+00  7.11055738e-01 -1.39000000e+00  3.36915244e-01 
-1.39500000e+00 -5.08487246e+00 -1.39500000e+00 -5.02935082e+00 -1.39500000e+00 -3.54993648e-02 -1.39500000e+00  7.18713696e-01 -1.39500000e+00  3.40985445e-01 
-1.40000000e+00 -5.21165705e+00 -1.40000000e+00 -4.96493376e+00 -1.40000000e+00 -3.56545731e-02 -1.40000000e+00  7.26339796e-01 -1.40000000e+00  3.45056868e-01 
-1.40500000e+00 -5.33990479e+00 -1.40500000e+00 -4.90200040e+00 -1.40500000e+00 -3.58129347e-02 -1.40500000e+00  7.33934402e-01 -1.40500000e+00  3.49129439e-01 
-1.41000000e+00 -5.46960915e+00 -1.41000000e+00 -4.84050412e+00 -1.41000000e+00 -3.59744730e-02 -1.41000000e+00  7.41497843e-01 -1.41000000e+00  3.53203088e-01 
-1.41500000e+00 -5.60076365e+00 -1.41500000e+00 -4.78039990e+00 -1.41500000e+00 -3.61392142e-02 -1.41500000e+00  7.49030421e-01 -1.41500000e+00  3.57277751e-01 
-1.42000000e+00 -5.73336185e+00 -1.42000000e+00 -4.72164431e+00 -1.42000000e+00 -3.63071870e-02 -1.42000000e+00  7.56532407e-01 -1.42000000e+00  3.61353370e-01 
-1.42500000e+00 -5.86739734e+00 -1.42500000e+00 -4.66419547e+00 -1.42500000e+00 -3.64784224e-02 -1.42500000e+00  7.64004043e-01 -1.42500000e+00  3.65429893e-01 
-1.43000000e+00 -6.00286377e+00 -1.43000000e+00 -4.60801297e+00 -1.43000000e+00 -3.66529543e-02 -1.43000000e+00  7.71445546e-01 -1.43000000e+00  3.69507270e-01 
-1.43500000e+00 -6.13975478e+00 -1.43500000e+00 -4.55305782e+00 -1.43500000e+00 -3.68308192e-02 -1.43500000e+00  7.78857105e-01 -1.43500000e+00  3.73585457e-01 
-1.44000000e+00 -6.27806408e+00 -1.44000000e+00 -4.49929244e+00 -1.44000000e+00 -3.70120559e-02 -1.44000000e+00  7.86238885e-01 -1.44000000e+00  3.77664413e-01 
-1.44500000e+00 -6.41778538e+00 -1.44500000e+00 -4.44668057e+00 -1.44500000e+00 -3.71967060e-02 -1.44500000e+00  7.93591028e-01 -1.44500000e+00  3.81744102e-01 
-1.45000000e+00 -6.55891242e+00 -1.45000000e+00 -4.39518723e+00 -1.45000000e+00 -3.73848140e-02 -1.45000000e+00  8.00913651e-01 -1.45000000e+00  3.85824490e-01 
-1.45500000e+00 -6.70143897e+00 -1.45500000e+00 -4.34477869e+00 -1.45500000e+00 -3.75764266e-02 -1.45500000e+00  8.08206851e-01 -1.45500000e+00  3.89905548e-01 
-1.46000000e+00 -6.84535882e+00 -1.46000000e+00 -4.29542244e+00 -1.46000000e+00 -3.77715938e-02 -1.46000000e+00  8.15470704e-01 -1.46000000e+00  3.93987247e-01 
-1.46500000e+00 -6.99066577e+00 -1.46500000e+00 -4.24708710e+00 -1.46500000e+00 -3.79703680e-02 -1.46500000e+00  8.22705266e-01 -1.46500000e+00  3.98069565e-01 
-1.47000000e+00 -7.13735363e+00 -1.47000000e+00 -4.19974240e+00 -1.47000000e+00 -3.81728047e-02 -1.47000000e+00  8.29910573e-01 -1.47000000e+00  4.02152477e-01 
-1.47500000e+00 -7.28541623e+00 -1.47500000e+00 -4.15335914e+00 -1.47500000e+00 -3.83789622e-02 -1.47500000e+00  8.37086645e-01 -1.47500000e+00  4.06235966e-01 
-1.48000000e+00 -7.43484741e+00 -1.48000000e+00 -4.10790917e+00 -1.48000000e+00 -3.85889018e-02 -1.48000000e+00  8.44233482e-01 -1.48000000e+00  4.10320013e-01 
-1.48500000e+00 -7.58564103e+00 -1.48500000e+00 -4.06336530e+00 -1.48500000e+00 -3.88026879e-02 -1.48500000e+00  8.51351071e-01 -1.48500000e+00  4.14404604e-01 
-1.49000000e+00 -7.73779094e+00 -1.49000000e+00 -4.01970133e+00 -1.49000000e+00 -3.90203881e-02 -1.49000000e+00  8.58439380e-01 -1.49000000e+00  4.18489724e-01 
-1.49500000e+00 -7.89129099e+00 -1.49500000e+00 -3.97689194e+00 -1.49500000e+00 -3.92420731e-02 -1.49500000e+00  8.65498365e-01 -1.49500000e+00  4.22575361e-01 
-1.50000000e+00 -8.04613506e+00 -1.50000000e+00 -3.93491271e+00 -1.50000000e+00 -3.94678170e-02 -1.50000000e+00  8.72527966e-01 -1.50000000e+00  4.26661507e-01 
-1.50500000e+00 -8.20231699e+00 -1.50500000e+00 -3.89374008e+00 -1.50500000e+00 -3.96976973e-02 -1.50500000e+00  8.79528110e-01 -1.50500000e+00  4.30748151e-01 
-1.51000000e+00 -8.35983067e+00 -1.51000000e+00 -3.85335127e+00 -1.51000000e+00 -3.99317952e-02 -1.51000000e+00  8.86498711e-01 -1.51000000e+00  4.34835288e-01 
-1.51500000e+00 -8.51866993e+00 -1.51500000e+00 -3.81372433e+00 -1.51500000e+00 -4.01701952e-02 -1.51500000e+00  8.93439670e-01 -1.51500000e+00  4.38922910e-01 
-1.52000000e+00 -8.67882865e+00 -1.52000000e+00 -3.77483802e+00 -1.52000000e+00 -4.04129861e-02 -1.52000000e+00  9.00350877e-01 -1.52000000e+00  4.43011013e-01 
-1.52500000e+00 -8.84030068e+00 -1.52500000e+00 -3.73667185e+00 -1.52500000e+00 -4.06602601e-02 -1.52500000e+00  9.07232210e-01 -1.52500000e+00  4.47099593e-01 
-1.53000000e+00 -9.00307984e+00 -1.53000000e+00 -3.69920601e+00 -1.53000000e+00 -4.09121137e-02 -1.53000000e+00  9.14083536e-01 -1.53000000e+00  4.51188648e-01 
-1.53500000e+00 -9.16715998e+00 -1.53500000e+00 -3.66242138e+00 -1.53500000e+00 -4.11686478e-02 -1.53500000e+00  9.20904712e-01 -1.53500000e+00  4.55278177e-01 
-1.54000000e+00 -9.33253491e+00 -1.54000000e+00 -3.62629948e+00 -1.54000000e+00 -4.14299672e-02 -1.54000000e+00  9.27695586e-01 -1.54000000e+00  4.59368177e-01 
-1.54500000e+00 -9.49919845e+00 -1.54500000e+00 -3.59082242e+00 -1.54500000e+00 -4.16961818e-02 -1.54500000e+00  9.34455992e-01 -1.54500000e+00  4.63458650e-01 
-1.55000000e+00 -9.66714438e+00 -1.55000000e+00 -3.55597293e+00 -1.55000000e+00 -4.19674059e-02 -1.55000000e+00  9.41185759e-01 -1.55000000e+00  4.67549596e-01 
-1.55500000e+00 -9.83636650e+00 -1.55500000e+00 -3.52173430e+00 -1.55500000e+00 -4.22437587e-02 -1.55500000e+00  9.47884703e-01 -1.55500000e+00  4.71641017e-01 
-1.56000000e+00 -1.00068586e+01 -1.56000000e+00 -3.48809039e+00 -1.56000000e+00 -4.25253647e-02 -1.56000000e+00  9.54552635e-01 -1.56000000e+00  4.75732915e-01 
-1.56500000e+00 -1.01786143e+01 -1.56500000e+00 -3.45502555e+00 -1.56500000e+00 -4.28123538e-02 -1.56500000e+00  9.61189353e-01 -1.56500000e+00  4.79825293e-01 
-1.57000000e+00 -1.03516275e+01 -1.57000000e+00 -3.42252468e+00 -1.57000000e+00 -4.31048613e-02 -1.57000000e+00  9.67794649e-01 -1.57000000e+00  4.83918154e-01 
-1.57500000e+00 -1.05258918e+01 -1.57500000e+00 -3.39057313e+00 -1.57500000e+00 -4.34030286e-02 -1.57500000e+00  9.74368305e-01 -1.57500000e+00  4.88011503e-01 
-1.58000000e+00 -1.07014009e+01 -1.58000000e+00 -3.35915674e+00 -1.58000000e+00 -4.37070030e-02 -1.58000000e+00  9.80910095e-01 -1.58000000e+00  4.92105343e-01 
-1.58500000e+00 -1.08781484e+01 -1.58500000e+00 -3.32826179e+00 -1.58500000e+00 -4.40169383e-02 -1.58500000e+00  9.87419785e-01 -1.58500000e+00  4.96199680e-01 
-1.59000000e+00 -1.10561280e+01 -1.59000000e+00 -3.29787500e+00 -1.59000000e+00 -4.43329949e-02 -1.59000000e+00  9.93897131e-01 -1.59000000e+00  5.00294518e-01 
-1.59500000e+00 -1.12353334e+01 -1.59500000e+00 -3.26798351e+00 -1.59500000e+00 -4.46553404e-02 -1.59500000e+00  1.00034188e+00 -1.59500000e+00  5.04389865e-01 
-1.60000000e+00 -1.14157580e+01 -1.60000000e+00 -3.23857485e+00 -1.60000000e+00 -4.49841495e-02 -1.60000000e+00  1.00675378e+00 -1.60000000e+00  5.08485725e-01 
-1.60500000e+00 -1.15973954e+01 -1.60500000e+00 -3.20963694e+00 -1.60500000e+00 -4.53196049e-02 -1.60500000e+00  1.01313255e+00 -1.60500000e+00  5.12582106e-01 
-1.61000000e+00 -1.17802391e+01 -1.61000000e+00 -3.18115806e+00 -1.61000000e+00 -4.56618971e-02 -1.61000000e+00  1.01947792e+00 -1.61000000e+00  5.16679015e-01 
-1.61500000e+00 -1.19642827e+01 -1.61500000e+00 -3.15312686e+00 -1.61500000e+00 -4.60112253e-02 -1.61500000e+00  1.02578960e+00 -1.61500000e+00  5.20776457e-01 
-1.62000000e+00 -1.21495196e+01 -1.62000000e+00 -3.12553232e+00 -1.62000000e+00 -4.63677975e-02 -1.62000000e+00  1.03206729e+00 -1.62000000e+00  5.24874442e-01 
-1.62500000e+00 -1.23359431e+01 -1.62500000e+00 -3.09836377e+00 -1.62500000e+00 -4.67318310e-02 -1.62500000e+00  1.03831070e+00 -1.62500000e+00  5.28972976e-01 
-1.63000000e+00 -1.25235467e+01 -1.63000000e+00 -3.07161083e+00 -1.63000000e+00 -4.71035531e-02 -1.63000000e+00  1.04451950e+00 -1.63000000e+00  5.33072067e-01 
-1.63500000e+00 -1.27123236e+01 -1.63500000e+00 -3.04526343e+00 -1.63500000e+00 -4.74832013e-02 -1.63500000e+00  1.05069338e+00 -1.63500000e+00  5.37171724e-01 
-1.64000000e+00 -1.29022673e+01 -1.64000000e+00 -3.01931181e+00 -1.64000000e+00 -4.78710242e-02 -1.64000000e+00  1.05683199e+00 -1.64000000e+00  5.41271955e-01 
-1.64500000e+00 -1.30933708e+01 -1.64500000e+00 -2.99374647e+00 -1.64500000e+00 -4.82672815e-02 -1.64500000e+00  1.06293499e+00 -1.64500000e+00  5.45372769e-01 
-1.65000000e+00 -1.32856275e+01 -1.65000000e+00 -2.96855818e+00 -1.65000000e+00 -4.86722454e-02 -1.65000000e+00  1.06900203e+00 -1.65000000e+00  5.49474175e-01 
-1.65500000e+00 -1.34790305e+01 -1.65500000e+00 -2.94373798e+00 -1.65500000e+00 -4.90862003e-02 -1.65500000e+00  1.07503273e+00 -1.65500000e+00  5.53576181e-01 
-1.66000000e+00 -1.36735729e+01 -1.66000000e+00 -2.91927716e+00 -1.66000000e+00 -4.95094445e-02 -1.66000000e+00  1.08102672e+00 -1.66000000e+00  5.57678797e-01 
-1.66500000e+00 -1.38692477e+01 -1.66500000e+00 -2.89516724e+00 -1.66500000e+00 -4.99422901e-02 -1.66500000e+00  1.08698361e+00 -1.66500000e+00  5.61782031e-01 
-1.67000000e+00 -1.40660480e+01 -1.67000000e+00 -2.87139998e+00 -1.67000000e+00 -5.03850641e-02 -1.67000000e+00  1.09290298e+00 -1.67000000e+00  5.65885895e-01 
-1.67500000e+00 -1.42639667e+01 -1.67500000e+00 -2.84796734e+00 -1.67500000e+00 -5.08381092e-02 -1.67500000e+00  1.09878441e+00 -1.67500000e+00  5.69990396e-01 
-1.68000000e+00 -1.44629966e+01 -1.68000000e+00 -2.82486152e+00 -1.68000000e+00 -5.13017847e-02 -1.68000000e+00  1.10462749e+00 -1.68000000e+00  5.74095546e-01 
-1.68500000e+00 -1.46631307e+01 -1.68500000e+00 -2.80207492e+00 -1.68500000e+00 -5.17764673e-02 -1.68500000e+00  1.11043174e+00 -1.68500000e+00  5.78201353e-01 
-1.69000000e+00 -1.48643616e+01 -1.69000000e+00 -2.77960010e+00 -1.69000000e+00 -5.22625521e-02 -1.69000000e+00  1.11619671e+00 -1.69000000e+00  5.82307829e-01 
-1.69500000e+00 -1.50666821e+01 -1.69500000e+00 -2.75742985e+00 -1.69500000e+00 -5.27604536e-02 -1.69500000e+00  1.12192192e+00 -1.69500000e+00  5.86414983e-01 
-1.70000000e+00 -1.52700848e+01 -1.70000000e+00 -2.73555712e+00 -1.70000000e+00 -5.32706071e-02 -1.70000000e+00  1.12760686e+00 -1.70000000e+00  5.90522825e-01 
-1.70500000e+00 -1.54745621e+01 -1.70500000e+00 -2.71397503e+00 -1.70500000e+00 -5.37934690e-02 -1.70500000e+00  1.13325102e+00 -1.70500000e+00  5.94631366e-01 
-1.71000000e+00 -1.56801067e+01 -1.71000000e+00 -2.69267687e+00 -1.71000000e+00 -5.43295192e-02 -1.71000000e+00  1.13885385e+00 -1.71000000e+00  5.98740617e-01 
-1.71500000e+00 -1.58867109e+01 -1.71500000e+00 -2.67165608e+00 -1.71500000e+00 -5.48792612e-02 -1.71500000e+00  1.14441479e+00 -1.71500000e+00  6.02850587e-01 
-1.72000000e+00 -1.60943670e+01 -1.72000000e+00 -2.65090627e+00 -1.72000000e+00 -5.54432244e-02 -1.72000000e+00  1.14993327e+00 -1.72000000e+00  6.06961289e-01 
-1.72500000e+00 -1.63030671e+01 -1.72500000e+00 -2.63042116e+00 -1.72500000e+00 -5.60219648e-02 -1.72500000e+00  1.15540868e+00 -1.72500000e+00  6.11072732e-01 
-1.73000000e+00 -1.65128035e+01 -1.73000000e+00 -2.61019465e+00 -1.73000000e+00 -5.66160670e-02 -1.73000000e+00  1.16084038e+00 -1.73000000e+00  6.15184928e-01 
-1.73500000e+00 -1.67235682e+01 -1.73500000e+00 -2.59022073e+00 -1.73500000e+00 -5.72261456e-02 -1.73500000e+00  1.16622772e+00 -1.73500000e+00  6.19297887e-01 
-1.74000000e+00 -1.69353530e+01 -1.74000000e+00 -2.57049354e+00 -1.74000000e+00 -5.78528467e-02 -1.74000000e+00  1.17157001e+00 -1.74000000e+00  6.23411621e-01 
-1.74500000e+00 -1.71481498e+01 -1.74500000e+00 -2.55100732e+00 -1.74500000e+00 -5.84968499e-02 -1.74500000e+00  1.17686655e+00 -1.74500000e+00  6.27526142e-01 
-1.75000000e+00 -1.73619504e+01 -1.75000000e+00 -2.53175645e+00 -1.75000000e+00 -5.91588701e-02 -1.75000000e+00  1.18211658e+00 -1.75000000e+00  6.31641459e-01 
-1.75500000e+00 -1.75767461e+01 -1.75500000e+00 -2.51273539e+00 -1.75500000e+00 -5.98396592e-02 -1.75500000e+00  1.18731932e+00 -1.75500000e+00  6.35757586e-01 
-1.76000000e+00 -1.77925287e+01 -1.76000000e+00 -2.49393870e+00 -1.76000000e+00 -6.05400085e-02 -1.76000000e+00  1.19247397e+00 -1.76000000e+00  6.39874533e-01 
-1.76500000e+00 -1.80092893e+01 -1.76500000e+00 -2.47536106e+00 -1.76500000e+00 -6.12607502e-02 -1.76500000e+00  1.19757968e+00 -1.76500000e+00  6.43992311e-01 
-1.77000000e+00 -1.82270191e+01 -1.77000000e+00 -2.45699721e+00 -1.77000000e+00 -6.20027603e-02 -1.77000000e+00  1.20263555e+00 -1.77000000e+00  6.48110934e-01 
-1.77500000e+00 -1.84457092e+01 -1.77500000e+00 -2.43884200e+00 -1.77500000e+00 -6.27669604e-02 -1.77500000e+00  1.20764067e+00 -1.77500000e+00  6.52230412e-01 
-1.78000000e+00 -1.86653505e+01 -1.78000000e+00 -2.42089034e+00 -1.78000000e+00 -6.35543201e-02 -1.78000000e+00  1.21259405e+00 -1.78000000e+00  6.56350757e-01 
-1.78500000e+00 -1.88859338e+01 -1.78500000e+00 -2.40313721e+00 -1.78500000e+00 -6.43658595e-02 -1.78500000e+00  1.21749469e+00 -1.78500000e+00  6.60471982e-01 
-1.79000000e+00 -1.91074495e+01 -1.79000000e+00 -2.38557769e+00 -1.79000000e+00 -6.52026517e-02 -1.79000000e+00  1.22234151e+00 -1.79000000e+00  6.64594098e-01 
-1.79500000e+00 -1.93298881e+01 -1.79500000e+00 -2.36820687e+00 -1.79500000e+00 -6.60658255e-02 -1.79500000e+00  1.22713341e+00 -1.79500000e+00  6.68717118e-01 
-1.80000000e+00 -1.95532397e+01 -1.80000000e+00 -2.35101995e+00 -1.80000000e+00 -6.69565677e-02 -1.80000000e+00  1.23186921e+00 -1.80000000e+00  6.72841054e-01 
