 0.00000000e+00 -9.08128382e-08  0.00000000e+00 -7.16682029e-02  0.00000000e+00 -1.25369447e-03  0.00000000e+00  1.33921562e-09  0.00000000e+00  4.54623403e-02 
-5.00000000e-03 -9.08478735e-08 -5.00000000e-03 -8.28927596e-02 -5.00000000e-03 -1.45005700e-03 -5.00000000e-03  1.55432114e-09 -5.00000000e-03  4.54623403e-02 
-1.00000000e-02 -9.08884116e-08 -1.00000000e-02 -9.58693327e-02 -1.00000000e-02 -1.67707201e-03 -1.00000000e-02  1.80393166e-09 -1.00000000e-02  4.54623403e-02 
-1.50000000e-02 -9.09353167e-08 -1.50000000e-02 -1.10869397e-01 -1.50000000e-02 -1.93948975e-03 -1.50000000e-02  2.09357468e-09 -1.50000000e-02  4.54623403e-02 
-2.00000000e-02 -9.09895887e-08 -2.00000000e-02 -1.28205824e-01 -2.00000000e-02 -2.24278498e-03 -2.00000000e-02  2.42966188e-09 -2.00000000e-02  4.54623403e-02 
-2.50000000e-02 -9.10523846e-08 -2.50000000e-02 -1.48238970e-01 -2.50000000e-02 -2.59326362e-03 -2.50000000e-02  2.81963039e-09 -2.50000000e-02  4.54623404e-02 
-3.00000000e-02 -9.11250428e-08 -3.00000000e-02 -1.71383586e-01 -3.00000000e-02 -2.99818362e-03 -3.00000000e-02  3.27210648e-09 -3.00000000e-02  4.54623404e-02 
-3.50000000e-02 -9.12091122e-08 -3.50000000e-02 -1.98116627e-01 -3.50000000e-02 -3.46589187e-03 -3.50000000e-02  3.79709540e-09 -3.50000000e-02  4.54623404e-02 
-4.00000000e-02 -9.13063846e-08 -4.00000000e-02 -2.28986054e-01 -4.00000000e-02 -4.00597822e-03 -4.00000000e-02  4.40620143e-09 -4.00000000e-02  4.54623404e-02 
-4.50000000e-02 -9.14189331e-08 -4.50000000e-02 -2.64620700e-01 -4.50000000e-02 -4.62944835e-03 -4.50000000e-02  5.11288301e-09 -4.50000000e-02  4.54623404e-02 
-5.00000000e-02 -9.15491565e-08 -5.00000000e-02 -3.05741266e-01 -5.00000000e-02 -5.34891644e-03 -5.00000000e-02  5.93274844e-09 -5.00000000e-02  4.54623404e-02 
-5.50000000e-02 -9.16998300e-08 -5.50000000e-02 -3.53172502e-01 -5.50000000e-02 -6.17881850e-03 -5.50000000e-02  6.88389867e-09 -5.50000000e-02  4.54623404e-02 
-6.00000000e-02 -9.18741644e-08 -6.00000000e-02 -4.07856575e-01 -6.00000000e-02 -7.13564673e-03 -6.00000000e-02  7.98732465e-09 -6.00000000e-02  4.54623404e-02 
-6.50000000e-02 -9.20758746e-08 -6.50000000e-02 -4.70867603e-01 -6.50000000e-02 -8.23820422e-03 -6.50000000e-02  9.26736779e-09 -6.50000000e-02  4.54623404e-02 
-7.00000000e-02 -9.23092584e-08 -7.00000000e-02 -5.43427239e-01 -7.00000000e-02 -9.50787825e-03 -7.00000000e-02  1.07522537e-08 -7.00000000e-02  4.54623405e-02 
-7.50000000e-02 -9.25792882e-08 -7.50000000e-02 -6.26921124e-01 -7.50000000e-02 -1.09689288e-02 -7.50000000e-02  1.24747106e-08 -7.50000000e-02  4.54623405e-02 
-8.00000000e-02 -9.28917167e-08 -8.00000000e-02 -7.22915865e-01 -8.00000000e-02 -1.26487866e-02 -8.00000000e-02  1.44726862e-08 -8.00000000e-02  4.54623405e-02 
-8.50000000e-02 -9.32531995e-08 -8.50000000e-02 -8.33176054e-01 -8.50000000e-02 -1.45783517e-02 -8.50000000e-02  1.67901781e-08 -8.50000000e-02  4.54623405e-02 
-9.00000000e-02 -9.36714362e-08 -9.00000000e-02 -9.59680612e-01 -9.00000000e-02 -1.67922811e-02 -9.00000000e-02  1.94781959e-08 -9.00000000e-02  4.54623406e-02 
-9.50000000e-02 -9.41553347e-08 -9.50000000e-02 -1.10463747e+00 -9.50000000e-02 -1.93292468e-02 -9.50000000e-02  2.25958762e-08 -9.50000000e-02  4.54623406e-02 
-1.00000000e-01 -9.47152001e-08 -1.00000000e-01 -1.27049526e+00 -1.00000000e-01 -2.22321426e-02 -1.00000000e-01  2.62117743e-08 -1.00000000e-01  4.54623406e-02 
-1.05000000e-01 -9.53629542e-08 -1.05000000e-01 -1.45995034e+00 -1.05000000e-01 -2.55482085e-02 -1.05000000e-01  3.04053597e-08 -1.05000000e-01  4.54623407e-02 
-1.10000000e-01 -9.61123886e-08 -1.10000000e-01 -1.67594688e+00 -1.10000000e-01 -2.93290356e-02 -1.10000000e-01  3.52687497e-08 -1.10000000e-01  4.54623408e-02 
-1.15000000e-01 -9.69794577e-08 -1.15000000e-01 -1.92166757e+00 -1.15000000e-01 -3.36304055e-02 -1.15000000e-01  4.09087160e-08 -1.15000000e-01  4.54623408e-02 
-1.20000000e-01 -9.79826177e-08 -1.20000000e-01 -2.20051157e+00 -1.20000000e-01 -3.85119087e-02 -1.20000000e-01  4.74490091e-08 -1.20000000e-01  4.54623409e-02 
-1.25000000e-01 -9.91432185e-08 -1.25000000e-01 -2.51605640e+00 -1.25000000e-01 -4.40362804e-02 -1.25000000e-01  5.50330496e-08 -1.25000000e-01  4.54623410e-02 
-1.30000000e-01 -1.00485957e-07 -1.30000000e-01 -2.87199987e+00 -1.30000000e-01 -5.02683887e-02 -1.30000000e-01  6.38270449e-08 -1.30000000e-01  4.54623411e-02 
-1.35000000e-01 -1.02039400e-07 -1.35000000e-01 -3.27207823e+00 -1.35000000e-01 -5.72738072e-02 -1.35000000e-01  7.40235967e-08 -1.35000000e-01  4.54623412e-02 
-1.40000000e-01 -1.03836593e-07 -1.40000000e-01 -3.71995743e+00 -1.40000000e-01 -6.51169154e-02 -1.40000000e-01  8.58458773e-08 -1.40000000e-01  4.54623414e-02 
-1.45000000e-01 -1.05915758e-07 -1.45000000e-01 -4.21909508e+00 -1.45000000e-01 -7.38584873e-02 -1.45000000e-01  9.95524636e-08 -1.45000000e-01  4.54623415e-02 
-1.50000000e-01 -1.08321103e-07 -1.50000000e-01 -4.77257286e+00 -1.50000000e-01 -8.35527627e-02 -1.50000000e-01  1.15442931e-07 -1.50000000e-01  4.54623417e-02 
-1.55000000e-01 -1.11103763e-07 -1.55000000e-01 -5.38290175e+00 -1.55000000e-01 -9.42440416e-02 -1.55000000e-01  1.33864328e-07 -1.55000000e-01  4.54623420e-02 
-1.60000000e-01 -1.14322877e-07 -1.60000000e-01 -6.05180634e+00 -1.60000000e-01 -1.05962910e-01 -1.60000000e-01  1.55218661e-07 -1.60000000e-01  4.54623422e-02 
-1.65000000e-01 -1.18046842e-07 -1.65000000e-01 -6.77999853e+00 -1.65000000e-01 -1.18722279e-01 -1.65000000e-01  1.79971565e-07 -1.65000000e-01  4.54623425e-02 
-1.70000000e-01 -1.22354761e-07 -1.70000000e-01 -7.56695644e+00 -1.70000000e-01 -1.32513517e-01 -1.70000000e-01  2.08662317e-07 -1.70000000e-01  4.54623429e-02 
-1.75000000e-01 -1.27338113e-07 -1.75000000e-01 -8.41072789e+00 -1.75000000e-01 -1.47302999e-01 -1.75000000e-01  2.41915424e-07 -1.75000000e-01  4.54623433e-02 
-1.80000000e-01 -1.33102683e-07 -1.80000000e-01 -9.30778184e+00 -1.80000000e-01 -1.63029503e-01 -1.80000000e-01  2.80454024e-07 -1.80000000e-01  4.54623437e-02 
-1.85000000e-01 -1.39770798e-07 -1.85000000e-01 -1.02529310e+01 -1.85000000e-01 -1.79602844e-01 -1.85000000e-01  3.25115366e-07 -1.85000000e-01  4.54623443e-02 
-1.90000000e-01 -1.47483905e-07 -1.90000000e-01 -1.12393467e+01 -1.90000000e-01 -1.96904125e-01 -1.90000000e-01  3.76868709e-07 -1.90000000e-01  4.54623449e-02 
-1.95000000e-01 -1.56405552e-07 -1.95000000e-01 -1.22586805e+01 -1.95000000e-01 -2.14787844e-01 -1.95000000e-01  4.36836002e-07 -1.95000000e-01  4.54623456e-02 
-2.00000000e-01 -1.66724827e-07 -2.00000000e-01 -1.33012959e+01 -2.00000000e-01 -2.33085945e-01 -2.00000000e-01  5.06315769e-07 -2.00000000e-01  4.54623464e-02 
-2.05000000e-01 -1.78660341e-07 -2.05000000e-01 -1.43566024e+01 -2.05000000e-01 -2.51613643e-01 -2.05000000e-01  5.86810695e-07 -2.05000000e-01  4.54623474e-02 
-2.10000000e-01 -1.92464812e-07 -2.10000000e-01 -1.54134689e+01 -2.10000000e-01 -2.70176661e-01 -2.10000000e-01  6.80059483e-07 -2.10000000e-01  4.54623485e-02 
-2.15000000e-01 -2.08430374e-07 -2.15000000e-01 -1.64606848e+01 -2.15000000e-01 -2.88579278e-01 -2.15000000e-01  7.88073607e-07 -2.15000000e-01  4.54623498e-02 
-2.20000000e-01 -2.26894697e-07 -2.20000000e-01 -1.74874269e+01 -2.20000000e-01 -3.06632514e-01 -2.20000000e-01  9.13179743e-07 -2.20000000e-01  4.54623513e-02 
-2.25000000e-01 -2.48248052e-07 -2.25000000e-01 -1.84836930e+01 -2.25000000e-01 -3.24161717e-01 -2.25000000e-01  1.05806869e-06 -2.25000000e-01  4.54623530e-02 
-2.30000000e-01 -2.72941471e-07 -2.30000000e-01 -1.94406655e+01 -2.30000000e-01 -3.41012929e-01 -2.30000000e-01  1.22585181e-06 -2.30000000e-01  4.54623550e-02 
-2.35000000e-01 -3.01496153e-07 -2.35000000e-01 -2.03509783e+01 -2.35000000e-01 -3.57057577e-01 -2.35000000e-01  1.42012604e-06 -2.35000000e-01  4.54623573e-02 
-2.40000000e-01 -3.34514327e-07 -2.40000000e-01 -2.12088755e+01 -2.40000000e-01 -3.72195260e-01 -2.40000000e-01  1.64504887e-06 -2.40000000e-01  4.54623600e-02 
-2.45000000e-01 -3.72691773e-07 -2.45000000e-01 -2.20102601e+01 -2.45000000e-01 -3.86354618e-01 -2.45000000e-01  1.90542460e-06 -2.45000000e-01  4.54623630e-02 
-2.50000000e-01 -4.16832261e-07 -2.50000000e-01 -2.27526421e+01 -2.50000000e-01 -3.99492499e-01 -2.50000000e-01  2.20680373e-06 -2.50000000e-01  4.54623666e-02 
-2.55000000e-01 -4.67864195e-07 -2.55000000e-01 -2.34350189e+01 -2.55000000e-01 -4.11591733e-01 -2.55000000e-01  2.55559723e-06 -2.55000000e-01  4.54623707e-02 
-2.60000000e-01 -5.26859812e-07 -2.60000000e-01 -2.40576867e+01 -2.60000000e-01 -4.22657947e-01 -2.60000000e-01  2.95920812e-06 -2.60000000e-01  4.54623754e-02 
-2.65000000e-01 -5.95057282e-07 -2.65000000e-01 -2.46220243e+01 -2.65000000e-01 -4.32715797e-01 -2.65000000e-01  3.42618254e-06 -2.65000000e-01  4.54623809e-02 
-2.70000000e-01 -6.73886175e-07 -2.70000000e-01 -2.51302678e+01 -2.70000000e-01 -4.41805018e-01 -2.70000000e-01  3.96638336e-06 -2.70000000e-01  4.54623873e-02 
-2.75000000e-01 -7.64996777e-07 -2.75000000e-01 -2.55852893e+01 -2.75000000e-01 -4.49976564e-01 -2.75000000e-01  4.59118951e-06 -2.75000000e-01  4.54623946e-02 
-2.80000000e-01 -8.70293838e-07 -2.80000000e-01 -2.59903948e+01 -2.80000000e-01 -4.57289064e-01 -2.80000000e-01  5.31372461e-06 -2.80000000e-01  4.54624031e-02 
-2.85000000e-01 -9.91975395e-07 -2.85000000e-01 -2.63491466e+01 -2.85000000e-01 -4.63805728e-01 -2.85000000e-01  6.14911911e-06 -2.85000000e-01  4.54624129e-02 
-2.90000000e-01 -1.13257743e-06 -2.90000000e-01 -2.66652150e+01 -2.90000000e-01 -4.69591758e-01 -2.90000000e-01  7.11481057e-06 -2.90000000e-01  4.54624242e-02 
-2.95000000e-01 -1.29502518e-06 -2.95000000e-01 -2.69422604e+01 -2.95000000e-01 -4.74712272e-01 -2.95000000e-01  8.23088734e-06 -2.95000000e-01  4.54624373e-02 
-3.00000000e-01 -1.48269213e-06 -3.00000000e-01 -2.71838420e+01 -3.00000000e-01 -4.79230727e-01 -3.00000000e-01  9.52048158e-06 -3.00000000e-01  4.54624524e-02 
-3.05000000e-01 -1.69946774e-06 -3.05000000e-01 -2.73933523e+01 -3.05000000e-01 -4.83207765e-01 -3.05000000e-01  1.10102183e-05 -3.05000000e-01  4.54624699e-02 
-3.10000000e-01 -1.94983514e-06 -3.10000000e-01 -2.75739728e+01 -3.10000000e-01 -4.86700435e-01 -3.10000000e-01  1.27307278e-05 -3.10000000e-01  4.54624900e-02 
-3.15000000e-01 -2.23896028e-06 -3.15000000e-01 -2.77286464e+01 -3.15000000e-01 -4.89761722e-01 -3.15000000e-01  1.47172298e-05 -3.15000000e-01  4.54625133e-02 
-3.20000000e-01 -2.57279417e-06 -3.20000000e-01 -2.78600640e+01 -3.20000000e-01 -4.92440313e-01 -3.20000000e-01  1.70101989e-05 -3.20000000e-01  4.54625402e-02 
-3.25000000e-01 -2.95818984e-06 -3.25000000e-01 -2.79706620e+01 -3.25000000e-01 -4.94780547e-01 -3.25000000e-01  1.96561209e-05 -3.25000000e-01  4.54625712e-02 
-3.30000000e-01 -3.40303641e-06 -3.30000000e-01 -2.80626266e+01 -3.30000000e-01 -4.96822504e-01 -3.30000000e-01  2.27083523e-05 -3.30000000e-01  4.54626070e-02 
-3.35000000e-01 -3.91641225e-06 -3.35000000e-01 -2.81379038e+01 -3.35000000e-01 -4.98602180e-01 -3.35000000e-01  2.62280943e-05 -3.35000000e-01  4.54626483e-02 
-3.40000000e-01 -4.50876005e-06 -3.40000000e-01 -2.81982138e+01 -3.40000000e-01 -5.00151731e-01 -3.40000000e-01  3.02854962e-05 -3.40000000e-01  4.54626960e-02 
-3.45000000e-01 -5.19208675e-06 -3.45000000e-01 -2.82450656e+01 -3.45000000e-01 -5.01499751e-01 -3.45000000e-01  3.49609029e-05 -3.45000000e-01  4.54627511e-02 
-3.50000000e-01 -5.98019146e-06 -3.50000000e-01 -2.82797745e+01 -3.50000000e-01 -5.02671566e-01 -3.50000000e-01  4.03462613e-05 -3.50000000e-01  4.54628145e-02 
-3.55000000e-01 -6.88892516e-06 -3.55000000e-01 -2.83034788e+01 -3.55000000e-01 -5.03689530e-01 -3.55000000e-01  4.65467052e-05 -3.55000000e-01  4.54628877e-02 
-3.60000000e-01 -7.93648622e-06 -3.60000000e-01 -2.83171558e+01 -3.60000000e-01 -5.04573320e-01 -3.60000000e-01  5.36823356e-05 -3.60000000e-01  4.54629720e-02 
-3.65000000e-01 -9.14375631e-06 -3.65000000e-01 -2.83216383e+01 -3.65000000e-01 -5.05340208e-01 -3.65000000e-01  6.18902172e-05 -3.65000000e-01  4.54630692e-02 
-3.70000000e-01 -1.05346816e-05 -3.70000000e-01 -2.83176289e+01 -3.70000000e-01 -5.06005328e-01 -3.70000000e-01  7.13266106e-05 -3.70000000e-01  4.54631812e-02 
-3.75000000e-01 -1.21367052e-05 -3.75000000e-01 -2.83057140e+01 -3.75000000e-01 -5.06581911e-01 -3.75000000e-01  8.21694631e-05 -3.75000000e-01  4.54633102e-02 
-3.80000000e-01 -1.39812556e-05 -3.80000000e-01 -2.82863759e+01 -3.80000000e-01 -5.07081508e-01 -3.80000000e-01  9.46211783e-05 -3.80000000e-01  4.54634587e-02 
-3.85000000e-01 -1.61043000e-05 -3.85000000e-01 -2.82600050e+01 -3.85000000e-01 -5.07514188e-01 -3.85000000e-01  1.08911688e-04 -3.85000000e-01  4.54636296e-02 
-3.90000000e-01 -1.85469678e-05 -3.90000000e-01 -2.82269097e+01 -3.90000000e-01 -5.07888715e-01 -3.90000000e-01  1.25301845e-04 -3.90000000e-01  4.54638263e-02 
-3.95000000e-01 -2.13562517e-05 -3.95000000e-01 -2.81873258e+01 -3.95000000e-01 -5.08212711e-01 -3.95000000e-01  1.44087164e-04 -3.95000000e-01  4.54640525e-02 
-4.00000000e-01 -2.45857977e-05 -4.00000000e-01 -2.81414252e+01 -4.00000000e-01 -5.08492796e-01 -4.00000000e-01  1.65601917e-04 -4.00000000e-01  4.54643125e-02 
-4.05000000e-01 -2.82967886e-05 -4.05000000e-01 -2.80893234e+01 -4.05000000e-01 -5.08734714e-01 -4.05000000e-01  1.90223612e-04 -4.05000000e-01  4.54646112e-02 
-4.10000000e-01 -3.25589347e-05 -4.10000000e-01 -2.80310865e+01 -4.10000000e-01 -5.08943444e-01 -4.10000000e-01  2.18377862e-04 -4.10000000e-01  4.54649544e-02 
-4.15000000e-01 -3.74515782e-05 -4.15000000e-01 -2.79667379e+01 -4.15000000e-01 -5.09123297e-01 -4.15000000e-01  2.50543644e-04 -4.15000000e-01  4.54653483e-02 
-4.20000000e-01 -4.30649233e-05 -4.20000000e-01 -2.78962635e+01 -4.20000000e-01 -5.09278001e-01 -4.20000000e-01  2.87258963e-04 -4.20000000e-01  4.54658002e-02 
-4.25000000e-01 -4.95014024e-05 -4.25000000e-01 -2.78196175e+01 -4.25000000e-01 -5.09410779e-01 -4.25000000e-01  3.29126903e-04 -4.25000000e-01  4.54663183e-02 
-4.30000000e-01 -5.68771888e-05 -4.30000000e-01 -2.77367274e+01 -4.30000000e-01 -5.09524408e-01 -4.30000000e-01  3.76822054e-04 -4.30000000e-01  4.54669121e-02 
-4.35000000e-01 -6.53238660e-05 -4.35000000e-01 -2.76474989e+01 -4.35000000e-01 -5.09621282e-01 -4.35000000e-01  4.31097283e-04 -4.35000000e-01  4.54675921e-02 
-4.40000000e-01 -7.49902650e-05 -4.40000000e-01 -2.75518203e+01 -4.40000000e-01 -5.09703455e-01 -4.40000000e-01  4.92790819e-04 -4.40000000e-01  4.54683703e-02 
-4.45000000e-01 -8.60444789e-05 -4.45000000e-01 -2.74495670e+01 -4.45000000e-01 -5.09772690e-01 -4.45000000e-01  5.62833586e-04 -4.45000000e-01  4.54692601e-02 
-4.50000000e-01 -9.86760645e-05 -4.50000000e-01 -2.73406058e+01 -4.50000000e-01 -5.09830493e-01 -4.50000000e-01  6.42256726e-04 -4.50000000e-01  4.54702769e-02 
-4.55000000e-01 -1.13098438e-04 -4.55000000e-01 -2.72247996e+01 -4.55000000e-01 -5.09878142e-01 -4.55000000e-01  7.32199222e-04 -4.55000000e-01  4.54714378e-02 
-4.60000000e-01 -1.29551472e-04 -4.60000000e-01 -2.71020112e+01 -4.60000000e-01 -5.09916721e-01 -4.60000000e-01  8.33915519e-04 -4.60000000e-01  4.54727622e-02 
-4.65000000e-01 -1.48304302e-04 -4.65000000e-01 -2.69721079e+01 -4.65000000e-01 -5.09947138e-01 -4.65000000e-01  9.48783038e-04 -4.65000000e-01  4.54742716e-02 
-4.70000000e-01 -1.69658339e-04 -4.70000000e-01 -2.68349657e+01 -4.70000000e-01 -5.09970148e-01 -4.70000000e-01  1.07830943e-03 -4.70000000e-01  4.54759903e-02 
-4.75000000e-01 -1.93950494e-04 -4.75000000e-01 -2.66904738e+01 -4.75000000e-01 -5.09986370e-01 -4.75000000e-01  1.22413945e-03 -4.75000000e-01  4.54779453e-02 
-4.80000000e-01 -2.21556616e-04 -4.80000000e-01 -2.65385390e+01 -4.80000000e-01 -5.09996302e-01 -4.80000000e-01  1.38806128e-03 -4.80000000e-01  4.54801670e-02 
-4.85000000e-01 -2.52895126e-04 -4.85000000e-01 -2.63790899e+01 -4.85000000e-01 -5.10000332e-01 -4.85000000e-01  1.57201217e-03 -4.85000000e-01  4.54826888e-02 
-4.90000000e-01 -2.88430863e-04 -4.90000000e-01 -2.62120812e+01 -4.90000000e-01 -5.09998750e-01 -4.90000000e-01  1.77808320e-03 -4.90000000e-01  4.54855482e-02 
-4.95000000e-01 -3.28679100e-04 -4.95000000e-01 -2.60374981e+01 -4.95000000e-01 -5.09991757e-01 -4.95000000e-01  2.00852305e-03 -4.95000000e-01  4.54887865e-02 
-5.00000000e-01 -3.74209755e-04 -5.00000000e-01 -2.58553602e+01 -5.00000000e-01 -5.09979472e-01 -5.00000000e-01  2.26574070e-03 -5.00000000e-01  4.54924495e-02 
-5.05000000e-01 -4.25651748e-04 -5.05000000e-01 -2.56657253e+01 -5.05000000e-01 -5.09961937e-01 -5.05000000e-01  2.55230681e-03 -5.05000000e-01  4.54965876e-02 
-5.10000000e-01 -4.83697516e-04 -5.10000000e-01 -2.54686932e+01 -5.10000000e-01 -5.09939125e-01 -5.10000000e-01  2.87095396e-03 -5.10000000e-01  4.55012564e-02 
-5.15000000e-01 -5.49107648e-04 -5.15000000e-01 -2.52644083e+01 -5.15000000e-01 -5.09910940e-01 -5.15000000e-01  3.22457548e-03 -5.15000000e-01  4.55065167e-02 
-5.20000000e-01 -6.22715642e-04 -5.20000000e-01 -2.50530628e+01 -5.20000000e-01 -5.09877223e-01 -5.20000000e-01  3.61622316e-03 -5.20000000e-01  4.55124355e-02 
-5.25000000e-01 -7.05432754e-04 -5.25000000e-01 -2.48348986e+01 -5.25000000e-01 -5.09837755e-01 -5.25000000e-01  4.04910379e-03 -5.25000000e-01  4.55190856e-02 
-5.30000000e-01 -7.98252939e-04 -5.30000000e-01 -2.46102086e+01 -5.30000000e-01 -5.09792256e-01 -5.30000000e-01  4.52657484e-03 -5.30000000e-01  4.55265464e-02 
-5.35000000e-01 -9.02257874e-04 -5.35000000e-01 -2.43793374e+01 -5.35000000e-01 -5.09740388e-01 -5.35000000e-01  5.05213955e-03 -5.35000000e-01  4.55349044e-02 
-5.40000000e-01 -1.01862206e-03 -5.40000000e-01 -2.41426815e+01 -5.40000000e-01 -5.09681755e-01 -5.40000000e-01  5.62944164e-03 -5.40000000e-01  4.55442534e-02 
-5.45000000e-01 -1.14861802e-03 -5.45000000e-01 -2.39006879e+01 -5.45000000e-01 -5.09615905e-01 -5.45000000e-01  6.26226033e-03 -5.45000000e-01  4.55546948e-02 
-5.50000000e-01 -1.29362159e-03 -5.50000000e-01 -2.36538526e+01 -5.50000000e-01 -5.09542330e-01 -5.50000000e-01  6.95450589e-03 -5.50000000e-01  4.55663380e-02 
-5.55000000e-01 -1.45511738e-03 -5.55000000e-01 -2.34027175e+01 -5.55000000e-01 -5.09460464e-01 -5.55000000e-01  7.71021655e-03 -5.55000000e-01  4.55793011e-02 
-5.60000000e-01 -1.63470438e-03 -5.60000000e-01 -2.31478670e+01 -5.60000000e-01 -5.09369681e-01 -5.60000000e-01  8.53355699e-03 -5.60000000e-01  4.55937110e-02 
-5.65000000e-01 -1.83410183e-03 -5.65000000e-01 -2.28899234e+01 -5.65000000e-01 -5.09269301e-01 -5.65000000e-01  9.42881941e-03 -5.65000000e-01  4.56097037e-02 
-5.70000000e-01 -2.05515539e-03 -5.70000000e-01 -2.26295415e+01 -5.70000000e-01 -5.09158580e-01 -5.70000000e-01  1.04004274e-02 -5.70000000e-01  4.56274251e-02 
-5.75000000e-01 -2.29984367e-03 -5.75000000e-01 -2.23674026e+01 -5.75000000e-01 -5.09036718e-01 -5.75000000e-01  1.14529433e-02 -5.75000000e-01  4.56470313e-02 
-5.80000000e-01 -2.57028532e-03 -5.80000000e-01 -2.21042081e+01 -5.80000000e-01 -5.08902848e-01 -5.80000000e-01  1.25910796e-02 -5.80000000e-01  4.56686887e-02 
-5.85000000e-01 -2.86874664e-03 -5.85000000e-01 -2.18406721e+01 -5.85000000e-01 -5.08756042e-01 -5.85000000e-01  1.38197145e-02 -5.85000000e-01  4.56925751e-02 
-5.90000000e-01 -3.19764997e-03 -5.90000000e-01 -2.15775145e+01 -5.90000000e-01 -5.08595307e-01 -5.90000000e-01  1.51439122e-02 -5.90000000e-01  4.57188797e-02 
-5.95000000e-01 -3.55958289e-03 -5.95000000e-01 -2.13154533e+01 -5.95000000e-01 -5.08419579e-01 -5.95000000e-01  1.65689482e-02 -5.95000000e-01  4.57478040e-02 
-6.00000000e-01 -3.95730844e-03 -6.00000000e-01 -2.10551971e+01 -6.00000000e-01 -5.08227726e-01 -6.00000000e-01  1.81003388e-02 -6.00000000e-01  4.57795623e-02 
-6.05000000e-01 -4.39377647e-03 -6.05000000e-01 -2.07974383e+01 -6.05000000e-01 -5.08018542e-01 -6.05000000e-01  1.97438762e-02 -6.05000000e-01  4.58143825e-02 
-6.10000000e-01 -4.87213624e-03 -6.10000000e-01 -2.05428458e+01 -6.10000000e-01 -5.07790746e-01 -6.10000000e-01  2.15056679e-02 -6.10000000e-01  4.58525067e-02 
-6.15000000e-01 -5.39575051e-03 -6.15000000e-01 -2.02920590e+01 -6.15000000e-01 -5.07542977e-01 -6.15000000e-01  2.33921805e-02 -6.15000000e-01  4.58941921e-02 
-6.20000000e-01 -5.96821116e-03 -6.20000000e-01 -2.00456820e+01 -6.20000000e-01 -5.07273791e-01 -6.20000000e-01  2.54102882e-02 -6.20000000e-01  4.59397121e-02 
-6.25000000e-01 -6.59335662e-03 -6.25000000e-01 -1.98042790e+01 -6.25000000e-01 -5.06981658e-01 -6.25000000e-01  2.75673246e-02 -6.25000000e-01  4.59893570e-02 
-6.30000000e-01 -7.27529111e-03 -6.30000000e-01 -1.95683694e+01 -6.30000000e-01 -5.06664959e-01 -6.30000000e-01  2.98711385e-02 -6.30000000e-01  4.60434354e-02 
-6.35000000e-01 -8.01840600e-03 -6.35000000e-01 -1.93384255e+01 -6.35000000e-01 -5.06321978e-01 -6.35000000e-01  3.23301534e-02 -6.35000000e-01  4.61022752e-02 
-6.40000000e-01 -8.82740335e-03 -6.40000000e-01 -1.91148692e+01 -6.40000000e-01 -5.05950903e-01 -6.40000000e-01  3.49534292e-02 -6.40000000e-01  4.61662251e-02 
-6.45000000e-01 -9.70732176e-03 -6.45000000e-01 -1.88980713e+01 -6.45000000e-01 -5.05549815e-01 -6.45000000e-01  3.77507281e-02 -6.45000000e-01  4.62356556e-02 
-6.50000000e-01 -1.06635649e-02 -6.50000000e-01 -1.86883501e+01 -6.50000000e-01 -5.05116692e-01 -6.50000000e-01  4.07325825e-02 -6.50000000e-01  4.63109613e-02 
-6.55000000e-01 -1.17019324e-02 -6.55000000e-01 -1.84859721e+01 -6.55000000e-01 -5.04649395e-01 -6.55000000e-01  4.39103667e-02 -6.55000000e-01  4.63925615e-02 
-6.60000000e-01 -1.28286543e-02 -6.60000000e-01 -1.82911523e+01 -6.60000000e-01 -5.04145670e-01 -6.60000000e-01  4.72963708e-02 -6.60000000e-01  4.64809029e-02 
-6.65000000e-01 -1.40504275e-02 -6.65000000e-01 -1.81040563e+01 -6.65000000e-01 -5.03603142e-01 -6.65000000e-01  5.09038792e-02 -6.65000000e-01  4.65764606e-02 
-6.70000000e-01 -1.53744567e-02 -6.70000000e-01 -1.79248015e+01 -6.70000000e-01 -5.03019308e-01 -6.70000000e-01  5.47472516e-02 -6.70000000e-01  4.66797407e-02 
-6.75000000e-01 -1.68084978e-02 -6.75000000e-01 -1.77534603e+01 -6.75000000e-01 -5.02391540e-01 -6.75000000e-01  5.88420093e-02 -6.75000000e-01  4.67912818e-02 
-6.80000000e-01 -1.83609060e-02 -6.80000000e-01 -1.75900621e+01 -6.80000000e-01 -5.01717073e-01 -6.80000000e-01  6.32049250e-02 -6.80000000e-01  4.69116573e-02 
-6.85000000e-01 -2.00406867e-02 -6.85000000e-01 -1.74345971e+01 -6.85000000e-01 -5.00993008e-01 -6.85000000e-01  6.78541187e-02 -6.85000000e-01  4.70414775e-02 
-6.90000000e-01 -2.18575523e-02 -6.90000000e-01 -1.72870188e+01 -6.90000000e-01 -5.00216311e-01 -6.90000000e-01  7.28091592e-02 -6.90000000e-01  4.71813921e-02 
-6.95000000e-01 -2.38219821e-02 -6.95000000e-01 -1.71472478e+01 -6.95000000e-01 -4.99383808e-01 -6.95000000e-01  7.80911714e-02 -6.95000000e-01  4.73320920e-02 
-7.00000000e-01 -2.59452881e-02 -7.00000000e-01 -1.70151743e+01 -7.00000000e-01 -4.98492188e-01 -7.00000000e-01  8.37229510e-02 -7.00000000e-01  4.74943121e-02 
-7.05000000e-01 -2.82396858e-02 -7.05000000e-01 -1.68906618e+01 -7.05000000e-01 -4.97538004e-01 -7.05000000e-01  8.97290871e-02 -7.05000000e-01  4.76688335e-02 
-7.10000000e-01 -3.07183710e-02 -7.10000000e-01 -1.67735497e+01 -7.10000000e-01 -4.96517676e-01 -7.10000000e-01  9.61360916e-02 -7.10000000e-01  4.78564856e-02 
-7.15000000e-01 -3.33956024e-02 -7.15000000e-01 -1.66636562e+01 -7.15000000e-01 -4.95427497e-01 -7.15000000e-01  1.02972538e-01 -7.15000000e-01  4.80581492e-02 
-7.20000000e-01 -3.62867908e-02 -7.20000000e-01 -1.65607808e+01 -7.20000000e-01 -4.94263640e-01 -7.20000000e-01  1.10269207e-01 -7.20000000e-01  4.82747581e-02 
-7.25000000e-01 -3.94085959e-02 -7.25000000e-01 -1.64647062e+01 -7.25000000e-01 -4.93022166e-01 -7.25000000e-01  1.18059246e-01 -7.25000000e-01  4.85073018e-02 
-7.30000000e-01 -4.27790300e-02 -7.30000000e-01 -1.63752006e+01 -7.30000000e-01 -4.91699038e-01 -7.30000000e-01  1.26378328e-01 -7.30000000e-01  4.87568280e-02 
-7.35000000e-01 -4.64175697e-02 -7.35000000e-01 -1.62920189e+01 -7.35000000e-01 -4.90290135e-01 -7.35000000e-01  1.35264826e-01 -7.35000000e-01  4.90244440e-02 
-7.40000000e-01 -5.03452767e-02 -7.40000000e-01 -1.62149045e+01 -7.40000000e-01 -4.88791268e-01 -7.40000000e-01  1.44759996e-01 -7.40000000e-01  4.93113195e-02 
-7.45000000e-01 -5.45849267e-02 -7.45000000e-01 -1.61435895e+01 -7.45000000e-01 -4.87198207e-01 -7.45000000e-01  1.54908158e-01 -7.45000000e-01  4.96186877e-02 
-7.50000000e-01 -5.91611480e-02 -7.50000000e-01 -1.60777961e+01 -7.50000000e-01 -4.85506699e-01 -7.50000000e-01  1.65756889e-01 -7.50000000e-01  4.99478476e-02 
-7.55000000e-01 -6.41005700e-02 -7.55000000e-01 -1.60172364e+01 -7.55000000e-01 -4.83712498e-01 -7.55000000e-01  1.77357221e-01 -7.55000000e-01  5.03001647e-02 
-7.60000000e-01 -6.94319812e-02 -7.60000000e-01 -1.59616125e+01 -7.60000000e-01 -4.81811403e-01 -7.60000000e-01  1.89763832e-01 -7.60000000e-01  5.06770722e-02 
-7.65000000e-01 -7.51864977e-02 -7.65000000e-01 -1.59106167e+01 -7.65000000e-01 -4.79799285e-01 -7.65000000e-01  2.03035240e-01 -7.65000000e-01  5.10800719e-02 
-7.70000000e-01 -8.13977422e-02 -7.70000000e-01 -1.58639307e+01 -7.70000000e-01 -4.77672135e-01 -7.70000000e-01  2.17233988e-01 -7.70000000e-01  5.15107338e-02 
-7.75000000e-01 -8.81020326e-02 -7.75000000e-01 -1.58212252e+01 -7.75000000e-01 -4.75426103e-01 -7.75000000e-01  2.32426826e-01 -7.75000000e-01  5.19706960e-02 
-7.80000000e-01 -9.53385815e-02 -7.80000000e-01 -1.57821591e+01 -7.80000000e-01 -4.73057548e-01 -7.80000000e-01  2.48684864e-01 -7.80000000e-01  5.24616641e-02 
-7.85000000e-01 -1.03149705e-01 -7.85000000e-01 -1.57463789e+01 -7.85000000e-01 -4.70563087e-01 -7.85000000e-01  2.66083712e-01 -7.85000000e-01  5.29854090e-02 
-7.90000000e-01 -1.11581038e-01 -7.90000000e-01 -1.57135179e+01 -7.90000000e-01 -4.67939651e-01 -7.90000000e-01  2.84703591e-01 -7.90000000e-01  5.35437649e-02 
-7.95000000e-01 -1.20681763e-01 -7.95000000e-01 -1.56831949e+01 -7.95000000e-01 -4.65184541e-01 -7.95000000e-01  3.04629405e-01 -7.95000000e-01  5.41386262e-02 
-8.00000000e-01 -1.30504840e-01 -8.00000000e-01 -1.56550146e+01 -8.00000000e-01 -4.62295481e-01 -8.00000000e-01  3.25950762e-01 -8.00000000e-01  5.47719435e-02 
-8.05000000e-01 -1.41107241e-01 -8.05000000e-01 -1.56285659e+01 -8.05000000e-01 -4.59270684e-01 -8.05000000e-01  3.48761952e-01 -8.05000000e-01  5.54457186e-02 
-8.10000000e-01 -1.52550191e-01 -8.10000000e-01 -1.56034227e+01 -8.10000000e-01 -4.56108904e-01 -8.10000000e-01  3.73161845e-01 -8.10000000e-01  5.61619989e-02 
-8.15000000e-01 -1.64899408e-01 -8.15000000e-01 -1.55791435e+01 -8.15000000e-01 -4.52809498e-01 -8.15000000e-01  3.99253729e-01 -8.15000000e-01  5.69228699e-02 
-8.20000000e-01 -1.78225332e-01 -8.20000000e-01 -1.55552716e+01 -8.20000000e-01 -4.49372473e-01 -8.20000000e-01  4.27145046e-01 -8.20000000e-01  5.77304480e-02 
-8.25000000e-01 -1.92603360e-01 -8.25000000e-01 -1.55313367e+01 -8.25000000e-01 -4.45798544e-01 -8.25000000e-01  4.56947043e-01 -8.25000000e-01  5.85868708e-02 
-8.30000000e-01 -2.08114056e-01 -8.30000000e-01 -1.55068557e+01 -8.30000000e-01 -4.42089174e-01 -8.30000000e-01  4.88774312e-01 -8.30000000e-01  5.94942871e-02 
-8.35000000e-01 -2.24843356e-01 -8.35000000e-01 -1.54813351e+01 -8.35000000e-01 -4.38246610e-01 -8.35000000e-01  5.22744217e-01 -8.35000000e-01  6.04548459e-02 
-8.40000000e-01 -2.42882745e-01 -8.40000000e-01 -1.54542731e+01 -8.40000000e-01 -4.34273915e-01 -8.40000000e-01  5.58976192e-01 -8.40000000e-01  6.14706838e-02 
-8.45000000e-01 -2.62329405e-01 -8.45000000e-01 -1.54251631e+01 -8.45000000e-01 -4.30174986e-01 -8.45000000e-01  5.97590925e-01 -8.45000000e-01  6.25439121e-02 
-8.50000000e-01 -2.83286337e-01 -8.50000000e-01 -1.53934972e+01 -8.50000000e-01 -4.25954561e-01 -8.50000000e-01  6.38709407e-01 -8.50000000e-01  6.36766024e-02 
-8.55000000e-01 -3.05862440e-01 -8.55000000e-01 -1.53587708e+01 -8.55000000e-01 -4.21618215e-01 -8.55000000e-01  6.82451851e-01 -8.55000000e-01  6.48707720e-02 
-8.60000000e-01 -3.30172541e-01 -8.60000000e-01 -1.53204870e+01 -8.60000000e-01 -4.17172345e-01 -8.60000000e-01  7.28936498e-01 -8.60000000e-01  6.61283685e-02 
-8.65000000e-01 -3.56337380e-01 -8.65000000e-01 -1.52781618e+01 -8.65000000e-01 -4.12624135e-01 -8.65000000e-01  7.78278312e-01 -8.65000000e-01  6.74512538e-02 
-8.70000000e-01 -3.84483528e-01 -8.70000000e-01 -1.52313303e+01 -8.70000000e-01 -4.07981518e-01 -8.70000000e-01  8.30587580e-01 -8.70000000e-01  6.88411885e-02 
-8.75000000e-01 -4.14743256e-01 -8.75000000e-01 -1.51795516e+01 -8.75000000e-01 -4.03253114e-01 -8.75000000e-01  8.85968437e-01 -8.75000000e-01  7.02998157e-02 
-8.80000000e-01 -4.47254320e-01 -8.80000000e-01 -1.51224154e+01 -8.80000000e-01 -3.98448164e-01 -8.80000000e-01  9.44517345e-01 -8.80000000e-01  7.18286457e-02 
-8.85000000e-01 -4.82159688e-01 -8.85000000e-01 -1.50595471e+01 -8.85000000e-01 -3.93576451e-01 -8.85000000e-01  1.00632155e+00 -8.85000000e-01  7.34290408e-02 
-8.90000000e-01 -5.19607190e-01 -8.90000000e-01 -1.49906139e+01 -8.90000000e-01 -3.88648203e-01 -8.90000000e-01  1.07145758e+00 -8.90000000e-01  7.51022013e-02 
-8.95000000e-01 -5.59749094e-01 -8.95000000e-01 -1.49153292e+01 -8.95000000e-01 -3.83674003e-01 -8.95000000e-01  1.13998973e+00 -8.95000000e-01  7.68491527e-02 
-9.00000000e-01 -6.02741609e-01 -9.00000000e-01 -1.48334578e+01 -9.00000000e-01 -3.78664681e-01 -9.00000000e-01  1.21196874e+00 -9.00000000e-01  7.86707338e-02 
-9.05000000e-01 -6.48744319e-01 -9.05000000e-01 -1.47448192e+01 -9.05000000e-01 -3.73631207e-01 -9.05000000e-01  1.28743050e+00 -9.05000000e-01  8.05675873e-02 
-9.10000000e-01 -6.97919556e-01 -9.10000000e-01 -1.46492906e+01 -9.10000000e-01 -3.68584582e-01 -9.10000000e-01  1.36639499e+00 -9.10000000e-01  8.25401511e-02 
-9.15000000e-01 -7.50431704e-01 -9.15000000e-01 -1.45468089e+01 -9.15000000e-01 -3.63535732e-01 -9.15000000e-01  1.44886542e+00 -9.15000000e-01  8.45886533e-02 
-9.20000000e-01 -8.06446467e-01 -9.20000000e-01 -1.44373716e+01 -9.20000000e-01 -3.58495400e-01 -9.20000000e-01  1.53482757e+00 -9.20000000e-01  8.67131075e-02 
-9.25000000e-01 -8.66130087e-01 -9.25000000e-01 -1.43210366e+01 -9.25000000e-01 -3.53474054e-01 -9.25000000e-01  1.62424942e+00 -9.25000000e-01  8.89133120e-02 
-9.30000000e-01 -9.29648531e-01 -9.30000000e-01 -1.41979210e+01 -9.30000000e-01 -3.48481792e-01 -9.30000000e-01  1.71708104e+00 -9.30000000e-01  9.11888505e-02 
-9.35000000e-01 -9.97166671e-01 -9.35000000e-01 -1.40681989e+01 -9.35000000e-01 -3.43528259e-01 -9.35000000e-01  1.81325477e+00 -9.35000000e-01  9.35390953e-02 
-9.40000000e-01 -1.06884745e+00 -9.40000000e-01 -1.39320982e+01 -9.40000000e-01 -3.38622581e-01 -9.40000000e-01  1.91268569e+00 -9.40000000e-01  9.59632128e-02 
-9.45000000e-01 -1.14485105e+00 -9.45000000e-01 -1.37898963e+01 -9.45000000e-01 -3.33773299e-01 -9.45000000e-01  2.01527240e+00 -9.45000000e-01  9.84601711e-02 
-9.50000000e-01 -1.22533413e+00 -9.50000000e-01 -1.36419157e+01 -9.50000000e-01 -3.28988328e-01 -9.50000000e-01  2.12089794e+00 -9.50000000e-01  1.01028750e-01 
-9.55000000e-01 -1.31044901e+00 -9.55000000e-01 -1.34885184e+01 -9.55000000e-01 -3.24274913e-01 -9.55000000e-01  2.22943114e+00 -9.55000000e-01  1.03667551e-01 
-9.60000000e-01 -1.40034297e+00 -9.60000000e-01 -1.33300999e+01 -9.60000000e-01 -3.19639612e-01 -9.60000000e-01  2.34072797e+00 -9.60000000e-01  1.06375012e-01 
-9.65000000e-01 -1.49515761e+00 -9.65000000e-01 -1.31670837e+01 -9.65000000e-01 -3.15088279e-01 -9.65000000e-01  2.45463320e+00 -9.65000000e-01  1.09149421e-01 
-9.70000000e-01 -1.59502822e+00 -9.70000000e-01 -1.29999142e+01 -9.70000000e-01 -3.10626065e-01 -9.70000000e-01  2.57098213e+00 -9.70000000e-01  1.11988932e-01 
-9.75000000e-01 -1.70008327e+00 -9.75000000e-01 -1.28290514e+01 -9.75000000e-01 -3.06257420e-01 -9.75000000e-01  2.68960239e+00 -9.75000000e-01  1.14891577e-01 
-9.80000000e-01 -1.81044395e+00 -9.80000000e-01 -1.26549645e+01 -9.80000000e-01 -3.01986116e-01 -9.80000000e-01  2.81031584e+00 -9.80000000e-01  1.17855288e-01 
-9.85000000e-01 -1.92622381e+00 -9.85000000e-01 -1.24781259e+01 -9.85000000e-01 -2.97815266e-01 -9.85000000e-01  2.93294038e+00 -9.85000000e-01  1.20877911e-01 
-9.90000000e-01 -2.04752845e+00 -9.90000000e-01 -1.22990066e+01 -9.90000000e-01 -2.93747352e-01 -9.90000000e-01  3.05729180e+00 -9.90000000e-01  1.23957220e-01 
-9.95000000e-01 -2.17445537e+00 -9.95000000e-01 -1.21180705e+01 -9.95000000e-01 -2.89784264e-01 -9.95000000e-01  3.18318551e+00 -9.95000000e-01  1.27090938e-01 
-1.00000000e+00 -2.30709376e+00 -1.00000000e+00 -1.19357707e+01 -1.00000000e+00 -2.85927337e-01 -1.00000000e+00  3.31043819e+00 -1.00000000e+00  1.30276750e-01 
-1.00500000e+00 -2.44552455e+00 -1.00500000e+00 -1.17525455e+01 -1.00500000e+00 -2.82177387e-01 -1.00500000e+00  3.43886929e+00 -1.00500000e+00  1.33512315e-01 
-1.01000000e+00 -2.58982033e+00 -1.01000000e+00 -1.15688151e+01 -1.01000000e+00 -2.78534761e-01 -1.01000000e+00  3.56830240e+00 -1.01000000e+00  1.36795287e-01 
-1.01500000e+00 -2.74004553e+00 -1.01500000e+00 -1.13849788e+01 -1.01500000e+00 -2.74999373e-01 -1.01500000e+00  3.69856642e+00 -1.01500000e+00  1.40123320e-01 
-1.02000000e+00 -2.89625651e+00 -1.02000000e+00 -1.12014135e+01 -1.02000000e+00 -2.71570751e-01 -1.02000000e+00  3.82949665e+00 -1.02000000e+00  1.43494087e-01 
-1.02500000e+00 -3.05850177e+00 -1.02500000e+00 -1.10184716e+01 -1.02500000e+00 -2.68248079e-01 -1.02500000e+00  3.96093559e+00 -1.02500000e+00  1.46905285e-01 
-1.03000000e+00 -3.22682223e+00 -1.03000000e+00 -1.08364802e+01 -1.03000000e+00 -2.65030234e-01 -1.03000000e+00  4.09273365e+00 -1.03000000e+00  1.50354649e-01 
-1.03500000e+00 -3.40125146e+00 -1.03500000e+00 -1.06557402e+01 -1.03500000e+00 -2.61915832e-01 -1.03500000e+00  4.22474969e+00 -1.03500000e+00  1.53839959e-01 
-1.04000000e+00 -3.58181606e+00 -1.04000000e+00 -1.04765268e+01 -1.04000000e+00 -2.58903258e-01 -1.04000000e+00  4.35685136e+00 -1.04000000e+00  1.57359046e-01 
-1.04500000e+00 -3.76853596e+00 -1.04500000e+00 -1.02990886e+01 -1.04500000e+00 -2.55990703e-01 -1.04500000e+00  4.48891536e+00 -1.04500000e+00  1.60909800e-01 
-1.05000000e+00 -3.96142477e+00 -1.05000000e+00 -1.01236492e+01 -1.05000000e+00 -2.53176199e-01 -1.05000000e+00  4.62082750e+00 -1.05000000e+00  1.64490175e-01 
-1.05500000e+00 -4.16049021e+00 -1.05500000e+00 -9.95040699e+00 -1.05500000e+00 -2.50457645e-01 -1.05500000e+00  4.75248268e+00 -1.05500000e+00  1.68098192e-01 
-1.06000000e+00 -4.36573442e+00 -1.06000000e+00 -9.77953653e+00 -1.06000000e+00 -2.47832834e-01 -1.06000000e+00  4.88378480e+00 -1.06000000e+00  1.71731943e-01 
-1.06500000e+00 -4.57715437e+00 -1.06500000e+00 -9.61118952e+00 -1.06500000e+00 -2.45299480e-01 -1.06500000e+00  5.01464652e+00 -1.06500000e+00  1.75389596e-01 
-1.07000000e+00 -4.79474224e+00 -1.07000000e+00 -9.44549601e+00 -1.07000000e+00 -2.42855238e-01 -1.07000000e+00  5.14498895e+00 -1.07000000e+00  1.79069390e-01 
-1.07500000e+00 -5.01848579e+00 -1.07500000e+00 -9.28256567e+00 -1.07500000e+00 -2.40497723e-01 -1.07500000e+00  5.27474137e+00 -1.07500000e+00  1.82769643e-01 
-1.08000000e+00 -5.24836872e+00 -1.08000000e+00 -9.12248913e+00 -1.08000000e+00 -2.38224529e-01 -1.08000000e+00  5.40384080e+00 -1.08000000e+00  1.86488748e-01 
-1.08500000e+00 -5.48437099e+00 -1.08500000e+00 -8.96533938e+00 -1.08500000e+00 -2.36033244e-01 -1.08500000e+00  5.53223156e+00 -1.08500000e+00  1.90225175e-01 
-1.09000000e+00 -5.72646922e+00 -1.09000000e+00 -8.81117309e+00 -1.09000000e+00 -2.33921461e-01 -1.09000000e+00  5.65986486e+00 -1.09000000e+00  1.93977469e-01 
-1.09500000e+00 -5.97463693e+00 -1.09500000e+00 -8.66003200e+00 -1.09500000e+00 -2.31886792e-01 -1.09500000e+00  5.78669832e+00 -1.09500000e+00  1.97744248e-01 
-1.10000000e+00 -6.22884490e+00 -1.10000000e+00 -8.51194422e+00 -1.10000000e+00 -2.29926876e-01 -1.10000000e+00  5.91269552e+00 -1.10000000e+00  2.01524204e-01 
-1.10500000e+00 -6.48906143e+00 -1.10500000e+00 -8.36692554e+00 -1.10500000e+00 -2.28039389e-01 -1.10500000e+00  6.03782548e+00 -1.10500000e+00  2.05316098e-01 
-1.11000000e+00 -6.75525263e+00 -1.11000000e+00 -8.22498061e+00 -1.11000000e+00 -2.26222047e-01 -1.11000000e+00  6.16206227e+00 -1.11000000e+00  2.09118764e-01 
-1.11500000e+00 -7.02738264e+00 -1.11500000e+00 -8.08610414e+00 -1.11500000e+00 -2.24472617e-01 -1.11500000e+00  6.28538454e+00 -1.11500000e+00  2.12931096e-01 
-1.12000000e+00 -7.30541385e+00 -1.12000000e+00 -7.95028197e+00 -1.12000000e+00 -2.22788918e-01 -1.12000000e+00  6.40777504e+00 -1.12000000e+00  2.16752059e-01 
-1.12500000e+00 -7.58930717e+00 -1.12500000e+00 -7.81749212e+00 -1.12500000e+00 -2.21168825e-01 -1.12500000e+00  6.52922030e+00 -1.12500000e+00  2.20580675e-01 
-1.13000000e+00 -7.87902217e+00 -1.13000000e+00 -7.68770573e+00 -1.13000000e+00 -2.19610272e-01 -1.13000000e+00  6.64971014e+00 -1.13000000e+00  2.24416028e-01 
-1.13500000e+00 -8.17451728e+00 -1.13500000e+00 -7.56088795e+00 -1.13500000e+00 -2.18111255e-01 -1.13500000e+00  6.76923739e+00 -1.13500000e+00  2.28257257e-01 
-1.14000000e+00 -8.47574998e+00 -1.14000000e+00 -7.43699877e+00 -1.14000000e+00 -2.16669832e-01 -1.14000000e+00  6.88779746e+00 -1.14000000e+00  2.32103555e-01 
-1.14500000e+00 -8.78267689e+00 -1.14500000e+00 -7.31599374e+00 -1.14500000e+00 -2.15284124e-01 -1.14500000e+00  7.00538808e+00 -1.14500000e+00  2.35954168e-01 
-1.15000000e+00 -9.09525396e+00 -1.15000000e+00 -7.19782469e+00 -1.15000000e+00 -2.13952315e-01 -1.15000000e+00  7.12200900e+00 -1.15000000e+00  2.39808391e-01 
-1.15500000e+00 -9.41343655e+00 -1.15500000e+00 -7.08244033e+00 -1.15500000e+00 -2.12672654e-01 -1.15500000e+00  7.23766166e+00 -1.15500000e+00  2.43665564e-01 
-1.16000000e+00 -9.73717956e+00 -1.16000000e+00 -6.96978682e+00 -1.16000000e+00 -2.11443452e-01 -1.16000000e+00  7.35234900e+00 -1.16000000e+00  2.47525072e-01 
-1.16500000e+00 -1.00664375e+01 -1.16500000e+00 -6.85980827e+00 -1.16500000e+00 -2.10263083e-01 -1.16500000e+00  7.46607520e+00 -1.16500000e+00  2.51386342e-01 
-1.17000000e+00 -1.04011647e+01 -1.17000000e+00 -6.75244720e+00 -1.17000000e+00 -2.09129982e-01 -1.17000000e+00  7.57884546e+00 -1.17000000e+00  2.55248840e-01 
-1.17500000e+00 -1.07413152e+01 -1.17500000e+00 -6.64764497e+00 -1.17500000e+00 -2.08042644e-01 -1.17500000e+00  7.69066586e+00 -1.17500000e+00  2.59112069e-01 
-1.18000000e+00 -1.10868428e+01 -1.18000000e+00 -6.54534210e+00 -1.18000000e+00 -2.06999623e-01 -1.18000000e+00  7.80154313e+00 -1.18000000e+00  2.62975568e-01 
-1.18500000e+00 -1.14377015e+01 -1.18500000e+00 -6.44547861e+00 -1.18500000e+00 -2.05999531e-01 -1.18500000e+00  7.91148455e+00 -1.18500000e+00  2.66838908e-01 
-1.19000000e+00 -1.17938450e+01 -1.19000000e+00 -6.34799432e+00 -1.19000000e+00 -2.05041035e-01 -1.19000000e+00  8.02049777e+00 -1.19000000e+00  2.70701691e-01 
-1.19500000e+00 -1.21552271e+01 -1.19500000e+00 -6.25282909e+00 -1.19500000e+00 -2.04122857e-01 -1.19500000e+00  8.12859075e+00 -1.19500000e+00  2.74563550e-01 
-1.20000000e+00 -1.25218017e+01 -1.20000000e+00 -6.15992301e+00 -1.20000000e+00 -2.03243771e-01 -1.20000000e+00  8.23577157e+00 -1.20000000e+00  2.78424143e-01 
-1.20500000e+00 -1.28935228e+01 -1.20500000e+00 -6.06921663e+00 -1.20500000e+00 -2.02402603e-01 -1.20500000e+00  8.34204844e+00 -1.20500000e+00  2.82283156e-01 
-1.21000000e+00 -1.32703444e+01 -1.21000000e+00 -5.98065110e+00 -1.21000000e+00 -2.01598228e-01 -1.21000000e+00  8.44742951e+00 -1.21000000e+00  2.86140297e-01 
-1.21500000e+00 -1.36522208e+01 -1.21500000e+00 -5.89416829e+00 -1.21500000e+00 -2.00829569e-01 -1.21500000e+00  8.55192292e+00 -1.21500000e+00  2.89995298e-01 
-1.22000000e+00 -1.40391063e+01 -1.22000000e+00 -5.80971095e+00 -1.22000000e+00 -2.00095592e-01 -1.22000000e+00  8.65553661e+00 -1.22000000e+00  2.93847912e-01 
-1.22500000e+00 -1.44309554e+01 -1.22500000e+00 -5.72722280e+00 -1.22500000e+00 -1.99395312e-01 -1.22500000e+00  8.75827840e+00 -1.22500000e+00  2.97697913e-01 
-1.23000000e+00 -1.48277229e+01 -1.23000000e+00 -5.64664857e+00 -1.23000000e+00 -1.98727784e-01 -1.23000000e+00  8.86015585e+00 -1.23000000e+00  3.01545091e-01 
-1.23500000e+00 -1.52293635e+01 -1.23500000e+00 -5.56793413e+00 -1.23500000e+00 -1.98092103e-01 -1.23500000e+00  8.96117627e+00 -1.23500000e+00  3.05389256e-01 
-1.24000000e+00 -1.56358325e+01 -1.24000000e+00 -5.49102648e+00 -1.24000000e+00 -1.97487406e-01 -1.24000000e+00  9.06134667e+00 -1.24000000e+00  3.09230232e-01 
-1.24500000e+00 -1.60470851e+01 -1.24500000e+00 -5.41587385e+00 -1.24500000e+00 -1.96912866e-01 -1.24500000e+00  9.16067378e+00 -1.24500000e+00  3.13067860e-01 
-1.25000000e+00 -1.64630767e+01 -1.25000000e+00 -5.34242569e+00 -1.25000000e+00 -1.96367694e-01 -1.25000000e+00  9.25916397e+00 -1.25000000e+00  3.16901994e-01 
-1.25500000e+00 -1.68837631e+01 -1.25500000e+00 -5.27063270e+00 -1.25500000e+00 -1.95851135e-01 -1.25500000e+00  9.35682328e+00 -1.25500000e+00  3.20732502e-01 
-1.26000000e+00 -1.73091002e+01 -1.26000000e+00 -5.20044688e+00 -1.26000000e+00 -1.95362468e-01 -1.26000000e+00  9.45365740e+00 -1.26000000e+00  3.24559264e-01 
-1.26500000e+00 -1.77390439e+01 -1.26500000e+00 -5.13182148e+00 -1.26500000e+00 -1.94901003e-01 -1.26500000e+00  9.54967167e+00 -1.26500000e+00  3.28382173e-01 
-1.27000000e+00 -1.81735507e+01 -1.27000000e+00 -5.06471104e+00 -1.27000000e+00 -1.94466085e-01 -1.27000000e+00  9.64487107e+00 -1.27000000e+00  3.32201129e-01 
-1.27500000e+00 -1.86125769e+01 -1.27500000e+00 -4.99907137e+00 -1.27500000e+00 -1.94057084e-01 -1.27500000e+00  9.73926022e+00 -1.27500000e+00  3.36016047e-01 
-1.28000000e+00 -1.90560792e+01 -1.28000000e+00 -4.93485954e+00 -1.28000000e+00 -1.93673401e-01 -1.28000000e+00  9.83284337e+00 -1.28000000e+00  3.39826849e-01 
-1.28500000e+00 -1.95040145e+01 -1.28500000e+00 -4.87203389e+00 -1.28500000e+00 -1.93314465e-01 -1.28500000e+00  9.92562445e+00 -1.28500000e+00  3.43633464e-01 
-1.29000000e+00 -1.99563396e+01 -1.29000000e+00 -4.81055397e+00 -1.29000000e+00 -1.92979731e-01 -1.29000000e+00  1.00176070e+01 -1.29000000e+00  3.47435833e-01 
-1.29500000e+00 -2.04130119e+01 -1.29500000e+00 -4.75038057e+00 -1.29500000e+00 -1.92668678e-01 -1.29500000e+00  1.01087943e+01 -1.29500000e+00  3.51233901e-01 
-1.30000000e+00 -2.08739886e+01 -1.30000000e+00 -4.69147567e+00 -1.30000000e+00 -1.92380810e-01 -1.30000000e+00  1.01991892e+01 -1.30000000e+00  3.55027623e-01 
-1.30500000e+00 -2.13392272e+01 -1.30500000e+00 -4.63380240e+00 -1.30500000e+00 -1.92115656e-01 -1.30500000e+00  1.02887943e+01 -1.30500000e+00  3.58816959e-01 
-1.31000000e+00 -2.18086854e+01 -1.31000000e+00 -4.57732507e+00 -1.31000000e+00 -1.91872766e-01 -1.31000000e+00  1.03776119e+01 -1.31000000e+00  3.62601876e-01 
-1.31500000e+00 -2.22823208e+01 -1.31500000e+00 -4.52200908e+00 -1.31500000e+00 -1.91651712e-01 -1.31500000e+00  1.04656439e+01 -1.31500000e+00  3.66382346e-01 
-1.32000000e+00 -2.27600915e+01 -1.32000000e+00 -4.46782094e+00 -1.32000000e+00 -1.91452087e-01 -1.32000000e+00  1.05528921e+01 -1.32000000e+00  3.70158347e-01 
-1.32500000e+00 -2.32419554e+01 -1.32500000e+00 -4.41472823e+00 -1.32500000e+00 -1.91273504e-01 -1.32500000e+00  1.06393578e+01 -1.32500000e+00  3.73929862e-01 
-1.33000000e+00 -2.37278707e+01 -1.33000000e+00 -4.36269956e+00 -1.33000000e+00 -1.91115595e-01 -1.33000000e+00  1.07250422e+01 -1.33000000e+00  3.77696878e-01 
-1.33500000e+00 -2.42177956e+01 -1.33500000e+00 -4.31170454e+00 -1.33500000e+00 -1.90978010e-01 -1.33500000e+00  1.08099462e+01 -1.33500000e+00  3.81459388e-01 
-1.34000000e+00 -2.47116886e+01 -1.34000000e+00 -4.26171377e+00 -1.34000000e+00 -1.90860420e-01 -1.34000000e+00  1.08940704e+01 -1.34000000e+00  3.85217387e-01 
-1.34500000e+00 -2.52095081e+01 -1.34500000e+00 -4.21269881e+00 -1.34500000e+00 -1.90762509e-01 -1.34500000e+00  1.09774153e+01 -1.34500000e+00  3.88970875e-01 
-1.35000000e+00 -2.57112126e+01 -1.35000000e+00 -4.16463213e+00 -1.35000000e+00 -1.90683981e-01 -1.35000000e+00  1.10599810e+01 -1.35000000e+00  3.92719856e-01 
-1.35500000e+00 -2.62167608e+01 -1.35500000e+00 -4.11748709e+00 -1.35500000e+00 -1.90624555e-01 -1.35500000e+00  1.11417676e+01 -1.35500000e+00  3.96464336e-01 
-1.36000000e+00 -2.67261115e+01 -1.36000000e+00 -4.07123794e+00 -1.36000000e+00 -1.90583965e-01 -1.36000000e+00  1.12227749e+01 -1.36000000e+00  4.00204325e-01 
-1.36500000e+00 -2.72392234e+01 -1.36500000e+00 -4.02585974e+00 -1.36500000e+00 -1.90561961e-01 -1.36500000e+00  1.13030025e+01 -1.36500000e+00  4.03939835e-01 
-1.37000000e+00 -2.77560555e+01 -1.37000000e+00 -3.98132838e+00 -1.37000000e+00 -1.90558308e-01 -1.37000000e+00  1.13824499e+01 -1.37000000e+00  4.07670883e-01 
-1.37500000e+00 -2.82765666e+01 -1.37500000e+00 -3.93762053e+00 -1.37500000e+00 -1.90572785e-01 -1.37500000e+00  1.14611163e+01 -1.37500000e+00  4.11397485e-01 
-1.38000000e+00 -2.88007159e+01 -1.38000000e+00 -3.89471363e+00 -1.38000000e+00 -1.90605182e-01 -1.38000000e+00  1.15390008e+01 -1.38000000e+00  4.15119662e-01 
-1.38500000e+00 -2.93284623e+01 -1.38500000e+00 -3.85258584e+00 -1.38500000e+00 -1.90655307e-01 -1.38500000e+00  1.16161025e+01 -1.38500000e+00  4.18837437e-01 
-1.39000000e+00 -2.98597649e+01 -1.39000000e+00 -3.81121604e+00 -1.39000000e+00 -1.90722979e-01 -1.39000000e+00  1.16924203e+01 -1.39000000e+00  4.22550832e-01 
-1.39500000e+00 -3.03945830e+01 -1.39500000e+00 -3.77058378e+00 -1.39500000e+00 -1.90808027e-01 -1.39500000e+00  1.17679527e+01 -1.39500000e+00  4.26259876e-01 
-1.40000000e+00 -3.09328758e+01 -1.40000000e+00 -3.73066928e+00 -1.40000000e+00 -1.90910297e-01 -1.40000000e+00  1.18426986e+01 -1.40000000e+00  4.29964596e-01 
-1.40500000e+00 -3.14746024e+01 -1.40500000e+00 -3.69145341e+00 -1.40500000e+00 -1.91029644e-01 -1.40500000e+00  1.19166563e+01 -1.40500000e+00  4.33665021e-01 
-1.41000000e+00 -3.20197222e+01 -1.41000000e+00 -3.65291765e+00 -1.41000000e+00 -1.91165936e-01 -1.41000000e+00  1.19898243e+01 -1.41000000e+00  4.37361183e-01 
-1.41500000e+00 -3.25681944e+01 -1.41500000e+00 -3.61504405e+00 -1.41500000e+00 -1.91319051e-01 -1.41500000e+00  1.20622008e+01 -1.41500000e+00  4.41053114e-01 
-1.42000000e+00 -3.31199784e+01 -1.42000000e+00 -3.57781528e+00 -1.42000000e+00 -1.91488880e-01 -1.42000000e+00  1.21337842e+01 -1.42000000e+00  4.44740849e-01 
-1.42500000e+00 -3.36750336e+01 -1.42500000e+00 -3.54121452e+00 -1.42500000e+00 -1.91675324e-01 -1.42500000e+00  1.22045724e+01 -1.42500000e+00  4.48424423e-01 
-1.43000000e+00 -3.42333193e+01 -1.43000000e+00 -3.50522551e+00 -1.43000000e+00 -1.91878296e-01 -1.43000000e+00  1.22745637e+01 -1.43000000e+00  4.52103871e-01 
-1.43500000e+00 -3.47947949e+01 -1.43500000e+00 -3.46983250e+00 -1.43500000e+00 -1.92097718e-01 -1.43500000e+00  1.23437559e+01 -1.43500000e+00  4.55779233e-01 
-1.44000000e+00 -3.53594199e+01 -1.44000000e+00 -3.43502024e+00 -1.44000000e+00 -1.92333525e-01 -1.44000000e+00  1.24121471e+01 -1.44000000e+00  4.59450545e-01 
-1.44500000e+00 -3.59271536e+01 -1.44500000e+00 -3.40077394e+00 -1.44500000e+00 -1.92585658e-01 -1.44500000e+00  1.24797350e+01 -1.44500000e+00  4.63117848e-01 
-1.45000000e+00 -3.64979554e+01 -1.45000000e+00 -3.36707930e+00 -1.45000000e+00 -1.92854074e-01 -1.45000000e+00  1.25465175e+01 -1.45000000e+00  4.66781182e-01 
-1.45500000e+00 -3.70717849e+01 -1.45500000e+00 -3.33392245e+00 -1.45500000e+00 -1.93138735e-01 -1.45500000e+00  1.26124924e+01 -1.45500000e+00  4.70440589e-01 
-1.46000000e+00 -3.76486014e+01 -1.46000000e+00 -3.30128995e+00 -1.46000000e+00 -1.93439617e-01 -1.46000000e+00  1.26776572e+01 -1.46000000e+00  4.74096109e-01 
-1.46500000e+00 -3.82283644e+01 -1.46500000e+00 -3.26916877e+00 -1.46500000e+00 -1.93756704e-01 -1.46500000e+00  1.27420098e+01 -1.46500000e+00  4.77747787e-01 
-1.47000000e+00 -3.88110332e+01 -1.47000000e+00 -3.23754629e+00 -1.47000000e+00 -1.94089990e-01 -1.47000000e+00  1.28055478e+01 -1.47000000e+00  4.81395664e-01 
-1.47500000e+00 -3.93965674e+01 -1.47500000e+00 -3.20641027e+00 -1.47500000e+00 -1.94439479e-01 -1.47500000e+00  1.28682686e+01 -1.47500000e+00  4.85039786e-01 
-1.48000000e+00 -3.99849264e+01 -1.48000000e+00 -3.17574885e+00 -1.48000000e+00 -1.94805186e-01 -1.48000000e+00  1.29301699e+01 -1.48000000e+00  4.88680197e-01 
-1.48500000e+00 -4.05760695e+01 -1.48500000e+00 -3.14555050e+00 -1.48500000e+00 -1.95187135e-01 -1.48500000e+00  1.29912492e+01 -1.48500000e+00  4.92316942e-01 
-1.49000000e+00 -4.11699561e+01 -1.49000000e+00 -3.11580408e+00 -1.49000000e+00 -1.95585359e-01 -1.49000000e+00  1.30515038e+01 -1.49000000e+00  4.95950066e-01 
-1.49500000e+00 -4.17665457e+01 -1.49500000e+00 -3.08649873e+00 -1.49500000e+00 -1.95999905e-01 -1.49500000e+00  1.31109314e+01 -1.49500000e+00  4.99579617e-01 
-1.50000000e+00 -4.23657975e+01 -1.50000000e+00 -3.05762396e+00 -1.50000000e+00 -1.96430824e-01 -1.50000000e+00  1.31695293e+01 -1.50000000e+00  5.03205639e-01 
-1.50500000e+00 -4.29676710e+01 -1.50500000e+00 -3.02916956e+00 -1.50500000e+00 -1.96878183e-01 -1.50500000e+00  1.32272948e+01 -1.50500000e+00  5.06828181e-01 
-1.51000000e+00 -4.35721254e+01 -1.51000000e+00 -3.00112561e+00 -1.51000000e+00 -1.97342056e-01 -1.51000000e+00  1.32842253e+01 -1.51000000e+00  5.10447290e-01 
-1.51500000e+00 -4.41791201e+01 -1.51500000e+00 -2.97348252e+00 -1.51500000e+00 -1.97822529e-01 -1.51500000e+00  1.33403182e+01 -1.51500000e+00  5.14063013e-01 
-1.52000000e+00 -4.47886144e+01 -1.52000000e+00 -2.94623093e+00 -1.52000000e+00 -1.98319696e-01 -1.52000000e+00  1.33955706e+01 -1.52000000e+00  5.17675399e-01 
-1.52500000e+00 -4.54005673e+01 -1.52500000e+00 -2.91936177e+00 -1.52500000e+00 -1.98833665e-01 -1.52500000e+00  1.34499800e+01 -1.52500000e+00  5.21284496e-01 
-1.53000000e+00 -4.60149383e+01 -1.53000000e+00 -2.89286622e+00 -1.53000000e+00 -1.99364553e-01 -1.53000000e+00  1.35035434e+01 -1.53000000e+00  5.24890352e-01 
-1.53500000e+00 -4.66316864e+01 -1.53500000e+00 -2.86673573e+00 -1.53500000e+00 -1.99912488e-01 -1.53500000e+00  1.35562581e+01 -1.53500000e+00  5.28493018e-01 
-1.54000000e+00 -4.72507708e+01 -1.54000000e+00 -2.84096196e+00 -1.54000000e+00 -2.00477611e-01 -1.54000000e+00  1.36081213e+01 -1.54000000e+00  5.32092541e-01 
-1.54500000e+00 -4.78721505e+01 -1.54500000e+00 -2.81553681e+00 -1.54500000e+00 -2.01060074e-01 -1.54500000e+00  1.36591299e+01 -1.54500000e+00  5.35688971e-01 
-1.55000000e+00 -4.84957847e+01 -1.55000000e+00 -2.79045241e+00 -1.55000000e+00 -2.01660039e-01 -1.55000000e+00  1.37092813e+01 -1.55000000e+00  5.39282359e-01 
-1.55500000e+00 -4.91216324e+01 -1.55500000e+00 -2.76570111e+00 -1.55500000e+00 -2.02277683e-01 -1.55500000e+00  1.37585722e+01 -1.55500000e+00  5.42872753e-01 
-1.56000000e+00 -4.97496524e+01 -1.56000000e+00 -2.74127544e+00 -1.56000000e+00 -2.02913195e-01 -1.56000000e+00  1.38069999e+01 -1.56000000e+00  5.46460205e-01 
-1.56500000e+00 -5.03798038e+01 -1.56500000e+00 -2.71716815e+00 -1.56500000e+00 -2.03566775e-01 -1.56500000e+00  1.38545611e+01 -1.56500000e+00  5.50044764e-01 
-1.57000000e+00 -5.10120453e+01 -1.57000000e+00 -2.69337218e+00 -1.57000000e+00 -2.04238639e-01 -1.57000000e+00  1.39012528e+01 -1.57000000e+00  5.53626481e-01 
-1.57500000e+00 -5.16463357e+01 -1.57500000e+00 -2.66988066e+00 -1.57500000e+00 -2.04929016e-01 -1.57500000e+00  1.39470718e+01 -1.57500000e+00  5.57205406e-01 
-1.58000000e+00 -5.22826338e+01 -1.58000000e+00 -2.64668688e+00 -1.58000000e+00 -2.05638148e-01 -1.58000000e+00  1.39920149e+01 -1.58000000e+00  5.60781591e-01 
-1.58500000e+00 -5.29208981e+01 -1.58500000e+00 -2.62378432e+00 -1.58500000e+00 -2.06366292e-01 -1.58500000e+00  1.40360789e+01 -1.58500000e+00  5.64355085e-01 
-1.59000000e+00 -5.35610874e+01 -1.59000000e+00 -2.60116662e+00 -1.59000000e+00 -2.07113724e-01 -1.59000000e+00  1.40792603e+01 -1.59000000e+00  5.67925941e-01 
-1.59500000e+00 -5.42031601e+01 -1.59500000e+00 -2.57882757e+00 -1.59500000e+00 -2.07880730e-01 -1.59500000e+00  1.41215558e+01 -1.59500000e+00  5.71494209e-01 
-1.60000000e+00 -5.48470746e+01 -1.60000000e+00 -2.55676113e+00 -1.60000000e+00 -2.08667617e-01 -1.60000000e+00  1.41629618e+01 -1.60000000e+00  5.75059941e-01 
-1.60500000e+00 -5.54927893e+01 -1.60500000e+00 -2.53496140e+00 -1.60500000e+00 -2.09474709e-01 -1.60500000e+00  1.42034748e+01 -1.60500000e+00  5.78623188e-01 
-1.61000000e+00 -5.61402624e+01 -1.61000000e+00 -2.51342262e+00 -1.61000000e+00 -2.10302344e-01 -1.61000000e+00  1.42430911e+01 -1.61000000e+00  5.82184001e-01 
-1.61500000e+00 -5.67894520e+01 -1.61500000e+00 -2.49213916e+00 -1.61500000e+00 -2.11150884e-01 -1.61500000e+00  1.42818069e+01 -1.61500000e+00  5.85742432e-01 
-1.62000000e+00 -5.74403162e+01 -1.62000000e+00 -2.47110555e+00 -1.62000000e+00 -2.12020706e-01 -1.62000000e+00  1.43196184e+01 -1.62000000e+00  5.89298533e-01 
-1.62500000e+00 -5.80928129e+01 -1.62500000e+00 -2.45031640e+00 -1.62500000e+00 -2.12912210e-01 -1.62500000e+00  1.43565215e+01 -1.62500000e+00  5.92852356e-01 
-1.63000000e+00 -5.87469000e+01 -1.63000000e+00 -2.42976649e+00 -1.63000000e+00 -2.13825817e-01 -1.63000000e+00  1.43925122e+01 -1.63000000e+00  5.96403951e-01 
-1.63500000e+00 -5.94025350e+01 -1.63500000e+00 -2.40945068e+00 -1.63500000e+00 -2.14761967e-01 -1.63500000e+00  1.44275861e+01 -1.63500000e+00  5.99953372e-01 
-1.64000000e+00 -6.00596757e+01 -1.64000000e+00 -2.38936397e+00 -1.64000000e+00 -2.15721128e-01 -1.64000000e+00  1.44617391e+01 -1.64000000e+00  6.03500670e-01 
-1.64500000e+00 -6.07182793e+01 -1.64500000e+00 -2.36950144e+00 -1.64500000e+00 -2.16703788e-01 -1.64500000e+00  1.44949664e+01 -1.64500000e+00  6.07045898e-01 
-1.65000000e+00 -6.13783032e+01 -1.65000000e+00 -2.34985829e+00 -1.65000000e+00 -2.17710462e-01 -1.65000000e+00  1.45272636e+01 -1.65000000e+00  6.10589106e-01 
-1.65500000e+00 -6.20397045e+01 -1.65500000e+00 -2.33042982e+00 -1.65500000e+00 -2.18741692e-01 -1.65500000e+00  1.45586256e+01 -1.65500000e+00  6.14130349e-01 
-1.66000000e+00 -6.27024402e+01 -1.66000000e+00 -2.31121142e+00 -1.66000000e+00 -2.19798045e-01 -1.66000000e+00  1.45890476e+01 -1.66000000e+00  6.17669677e-01 
-1.66500000e+00 -6.33664669e+01 -1.66500000e+00 -2.29219856e+00 -1.66500000e+00 -2.20880121e-01 -1.66500000e+00  1.46185242e+01 -1.66500000e+00  6.21207143e-01 
-1.67000000e+00 -6.40317412e+01 -1.67000000e+00 -2.27338682e+00 -1.67000000e+00 -2.21988545e-01 -1.67000000e+00  1.46470502e+01 -1.67000000e+00  6.24742800e-01 
-1.67500000e+00 -6.46982197e+01 -1.67500000e+00 -2.25477184e+00 -1.67500000e+00 -2.23123978e-01 -1.67500000e+00  1.46746198e+01 -1.67500000e+00  6.28276699e-01 
-1.68000000e+00 -6.53658584e+01 -1.68000000e+00 -2.23634935e+00 -1.68000000e+00 -2.24287110e-01 -1.68000000e+00  1.47012273e+01 -1.68000000e+00  6.31808895e-01 
-1.68500000e+00 -6.60346133e+01 -1.68500000e+00 -2.21811515e+00 -1.68500000e+00 -2.25478669e-01 -1.68500000e+00  1.47268665e+01 -1.68500000e+00  6.35339438e-01 
-1.69000000e+00 -6.67044401e+01 -1.69000000e+00 -2.20006511e+00 -1.69000000e+00 -2.26699415e-01 -1.69000000e+00  1.47515312e+01 -1.69000000e+00  6.38868382e-01 
-1.69500000e+00 -6.73752942e+01 -1.69500000e+00 -2.18219517e+00 -1.69500000e+00 -2.27950146e-01 -1.69500000e+00  1.47752147e+01 -1.69500000e+00  6.42395780e-01 
-1.70000000e+00 -6.80471310e+01 -1.70000000e+00 -2.16450134e+00 -1.70000000e+00 -2.29231702e-01 -1.70000000e+00  1.47979102e+01 -1.70000000e+00  6.45921684e-01 
-1.70500000e+00 -6.87199053e+01 -1.70500000e+00 -2.14697969e+00 -1.70500000e+00 -2.30544958e-01 -1.70500000e+00  1.48196104e+01 -1.70500000e+00  6.49446147e-01 
-1.71000000e+00 -6.93935718e+01 -1.71000000e+00 -2.12962633e+00 -1.71000000e+00 -2.31890835e-01 -1.71000000e+00  1.48403080e+01 -1.71000000e+00  6.52969222e-01 
-1.71500000e+00 -7.00680848e+01 -1.71500000e+00 -2.11243744e+00 -1.71500000e+00 -2.33270294e-01 -1.71500000e+00  1.48599951e+01 -1.71500000e+00  6.56490963e-01 
-1.72000000e+00 -7.07433983e+01 -1.72000000e+00 -2.09540926e+00 -1.72000000e+00 -2.34684341e-01 -1.72000000e+00  1.48786636e+01 -1.72000000e+00  6.60011421e-01 
-1.72500000e+00 -7.14194660e+01 -1.72500000e+00 -2.07853805e+00 -1.72500000e+00 -2.36134030e-01 -1.72500000e+00  1.48963050e+01 -1.72500000e+00  6.63530651e-01 
-1.73000000e+00 -7.20962411e+01 -1.73000000e+00 -2.06182016e+00 -1.73000000e+00 -2.37620459e-01 -1.73000000e+00  1.49129105e+01 -1.73000000e+00  6.67048706e-01 
-1.73500000e+00 -7.27736767e+01 -1.73500000e+00 -2.04525194e+00 -1.73500000e+00 -2.39144777e-01 -1.73500000e+00  1.49284708e+01 -1.73500000e+00  6.70565639e-01 
-1.74000000e+00 -7.34517252e+01 -1.74000000e+00 -2.02882980e+00 -1.74000000e+00 -2.40708179e-01 -1.74000000e+00  1.49429763e+01 -1.74000000e+00  6.74081503e-01 
-1.74500000e+00 -7.41303387e+01 -1.74500000e+00 -2.01255019e+00 -1.74500000e+00 -2.42311914e-01 -1.74500000e+00  1.49564171e+01 -1.74500000e+00  6.77596353e-01 
-1.75000000e+00 -7.48094689e+01 -1.75000000e+00 -1.99640961e+00 -1.75000000e+00 -2.43957279e-01 -1.75000000e+00  1.49687826e+01 -1.75000000e+00  6.81110241e-01 
-1.75500000e+00 -7.54890671e+01 -1.75500000e+00 -1.98040458e+00 -1.75500000e+00 -2.45645622e-01 -1.75500000e+00  1.49800621e+01 -1.75500000e+00  6.84623223e-01 
-1.76000000e+00 -7.61690838e+01 -1.76000000e+00 -1.96453165e+00 -1.76000000e+00 -2.47378343e-01 -1.76000000e+00  1.49902443e+01 -1.76000000e+00  6.88135351e-01 
-1.76500000e+00 -7.68494694e+01 -1.76500000e+00 -1.94878742e+00 -1.76500000e+00 -2.49156891e-01 -1.76500000e+00  1.49993176e+01 -1.76500000e+00  6.91646679e-01 
-1.77000000e+00 -7.75301736e+01 -1.77000000e+00 -1.93316852e+00 -1.77000000e+00 -2.50982766e-01 -1.77000000e+00  1.50072697e+01 -1.77000000e+00  6.95157263e-01 
-1.77500000e+00 -7.82111454e+01 -1.77500000e+00 -1.91767161e+00 -1.77500000e+00 -2.52857516e-01 -1.77500000e+00  1.50140884e+01 -1.77500000e+00  6.98667156e-01 
-1.78000000e+00 -7.88923335e+01 -1.78000000e+00 -1.90229339e+00 -1.78000000e+00 -2.54782736e-01 -1.78000000e+00  1.50197605e+01 -1.78000000e+00  7.02176413e-01 
-1.78500000e+00 -7.95736859e+01 -1.78500000e+00 -1.88703059e+00 -1.78500000e+00 -2.56760064e-01 -1.78500000e+00  1.50242728e+01 -1.78500000e+00  7.05685088e-01 
-1.79000000e+00 -8.02551500e+01 -1.79000000e+00 -1.87187999e+00 -1.79000000e+00 -2.58791178e-01 -1.79000000e+00  1.50276116e+01 -1.79000000e+00  7.09193237e-01 
-1.79500000e+00 -8.09366725e+01 -1.79500000e+00 -1.85683838e+00 -1.79500000e+00 -2.60877795e-01 -1.79500000e+00  1.50297629e+01 -1.79500000e+00  7.12700914e-01 
-1.80000000e+00 -8.16181995e+01 -1.80000000e+00 -1.84190263e+00 -1.80000000e+00 -2.63021661e-01 -1.80000000e+00  1.50307122e+01 -1.80000000e+00  7.16208174e-01 
