 0.00000000e+00 -1.17808091e-07  0.00000000e+00 -6.62839717e+00  0.00000000e+00 -2.98266865e-01  0.00000000e+00  2.12227158e-07  0.00000000e+00  4.64071927e-02 
-5.00000000e-03 -1.22005760e-07 -5.00000000e-03 -7.38606949e+00 -5.00000000e-03 -3.32372284e-01 -5.00000000e-03  2.45413600e-07 -5.00000000e-03  4.64071930e-02 
-1.00000000e-02 -1.26849864e-07 -1.00000000e-02 -8.19774467e+00 -1.00000000e-02 -3.68911193e-01 -1.00000000e-02  2.83771862e-07 -1.00000000e-02  4.64071934e-02 
-1.50000000e-02 -1.32439680e-07 -1.50000000e-02 -9.06016485e+00 -1.50000000e-02 -4.07737601e-01 -1.50000000e-02  3.28104016e-07 -1.50000000e-02  4.64071939e-02 
-2.00000000e-02 -1.38889670e-07 -2.00000000e-02 -9.96854402e+00 -2.00000000e-02 -4.48636794e-01 -2.00000000e-02  3.79335636e-07 -2.00000000e-02  4.64071945e-02 
-2.50000000e-02 -1.46331792e-07 -2.50000000e-02 -1.09165756e+01 -2.50000000e-02 -4.91325661e-01 -2.50000000e-02  4.38534614e-07 -2.50000000e-02  4.64071951e-02 
-3.00000000e-02 -1.54918152e-07 -3.00000000e-02 -1.18965349e+01 -3.00000000e-02 -5.35457284e-01 -3.00000000e-02  5.06932783e-07 -3.00000000e-02  4.64071958e-02 
-3.50000000e-02 -1.64824060e-07 -3.50000000e-02 -1.28994799e+01 -3.50000000e-02 -5.80629974e-01 -3.50000000e-02  5.85950783e-07 -3.50000000e-02  4.64071966e-02 
-4.00000000e-02 -1.76251540e-07 -4.00000000e-02 -1.39155452e+01 -4.00000000e-02 -6.26400471e-01 -4.00000000e-02  6.77226617e-07 -4.00000000e-02  4.64071976e-02 
-4.50000000e-02 -1.89433368e-07 -4.50000000e-02 -1.49343103e+01 -4.50000000e-02 -6.72300491e-01 -4.50000000e-02  7.82648435e-07 -4.50000000e-02  4.64071987e-02 
-5.00000000e-02 -2.04637709e-07 -5.00000000e-02 -1.59452133e+01 -5.00000000e-02 -7.17855363e-01 -5.00000000e-02  9.04392164e-07 -5.00000000e-02  4.64072000e-02 
-5.50000000e-02 -2.22173445e-07 -5.50000000e-02 -1.69379779e+01 -5.50000000e-02 -7.62603199e-01 -5.50000000e-02  1.04496465e-06 -5.50000000e-02  4.64072015e-02 
-6.00000000e-02 -2.42396290e-07 -6.00000000e-02 -1.79030144e+01 -6.00000000e-02 -8.06112965e-01 -6.00000000e-02  1.20725313e-06 -6.00000000e-02  4.64072032e-02 
-6.50000000e-02 -2.65715816e-07 -6.50000000e-02 -1.88317642e+01 -6.50000000e-02 -8.47999975e-01 -6.50000000e-02  1.39458186e-06 -6.50000000e-02  4.64072052e-02 
-7.00000000e-02 -2.92603500e-07 -7.00000000e-02 -1.97169621e+01 -7.00000000e-02 -8.87937699e-01 -7.00000000e-02  1.61077692e-06 -7.00000000e-02  4.64072074e-02 
-7.50000000e-02 -3.23601968e-07 -7.50000000e-02 -2.05528021e+01 -7.50000000e-02 -9.25665245e-01 -7.50000000e-02  1.86024040e-06 -7.50000000e-02  4.64072100e-02 
-8.00000000e-02 -3.59335569e-07 -8.00000000e-02 -2.13350051e+01 -8.00000000e-02 -9.60990409e-01 -8.00000000e-02  2.14803509e-06 -8.00000000e-02  4.64072131e-02 
-8.50000000e-02 -4.00522510e-07 -8.50000000e-02 -2.20607955e+01 -8.50000000e-02 -9.93788641e-01 -8.50000000e-02  2.47998118e-06 -8.50000000e-02  4.64072165e-02 
-9.00000000e-02 -4.47988727e-07 -9.00000000e-02 -2.27288024e+01 -9.00000000e-02 -1.02399862e+00 -9.00000000e-02  2.86276658e-06 -9.00000000e-02  4.64072205e-02 
-9.50000000e-02 -5.02683764e-07 -9.50000000e-02 -2.33389051e+01 -9.50000000e-02 -1.05161530e+00 -9.50000000e-02  3.30407258e-06 -9.50000000e-02  4.64072251e-02 
-1.00000000e-01 -5.65698929e-07 -1.00000000e-01 -2.38920439e+01 -1.00000000e-01 -1.07668144e+00 -1.00000000e-01  3.81271690e-06 -1.00000000e-01  4.64072305e-02 
-1.05000000e-01 -6.38288020e-07 -1.05000000e-01 -2.43900115e+01 -1.05000000e-01 -1.09927839e+00 -1.05000000e-01  4.39881616e-06 -1.05000000e-01  4.64072366e-02 
-1.10000000e-01 -7.21891002e-07 -1.10000000e-01 -2.48352618e+01 -1.10000000e-01 -1.11951694e+00 -1.10000000e-01  5.07397052e-06 -1.10000000e-01  4.64072436e-02 
-1.15000000e-01 -8.18161015e-07 -1.15000000e-01 -2.52307064e+01 -1.15000000e-01 -1.13752869e+00 -1.15000000e-01  5.85147297e-06 -1.15000000e-01  4.64072518e-02 
-1.20000000e-01 -9.28995134e-07 -1.20000000e-01 -2.55795484e+01 -1.20000000e-01 -1.15345849e+00 -1.20000000e-01  6.74654617e-06 -1.20000000e-01  4.64072611e-02 
-1.25000000e-01 -1.05656939e-06 -1.25000000e-01 -2.58851378e+01 -1.25000000e-01 -1.16745784e+00 -1.25000000e-01  7.77661011e-06 -1.25000000e-01  4.64072719e-02 
-1.30000000e-01 -1.20337862e-06 -1.30000000e-01 -2.61508533e+01 -1.30000000e-01 -1.17967962e+00 -1.30000000e-01  8.96158418e-06 -1.30000000e-01  4.64072843e-02 
-1.35000000e-01 -1.37228169e-06 -1.35000000e-01 -2.63800101e+01 -1.35000000e-01 -1.19027392e+00 -1.35000000e-01  1.03242273e-05 -1.35000000e-01  4.64072985e-02 
-1.40000000e-01 -1.56655288e-06 -1.40000000e-01 -2.65757904e+01 -1.40000000e-01 -1.19938494e+00 -1.40000000e-01  1.18905203e-05 -1.40000000e-01  4.64073149e-02 
-1.45000000e-01 -1.78994000e-06 -1.45000000e-01 -2.67411954e+01 -1.45000000e-01 -1.20714880e+00 -1.45000000e-01  1.36900947e-05 -1.45000000e-01  4.64073337e-02 
-1.50000000e-01 -2.04673033e-06 -1.50000000e-01 -2.68790137e+01 -1.50000000e-01 -1.21369212e+00 -1.50000000e-01  1.57567122e-05 -1.50000000e-01  4.64073554e-02 
-1.55000000e-01 -2.34182497e-06 -1.55000000e-01 -2.69918039e+01 -1.55000000e-01 -1.21913127e+00 -1.55000000e-01  1.81288008e-05 -1.55000000e-01  4.64073803e-02 
-1.60000000e-01 -2.68082279e-06 -1.60000000e-01 -2.70818878e+01 -1.60000000e-01 -1.22357201e+00 -1.60000000e-01  2.08500504e-05 -1.60000000e-01  4.64074089e-02 
-1.65000000e-01 -3.07011506e-06 -1.65000000e-01 -2.71513519e+01 -1.65000000e-01 -1.22710959e+00 -1.65000000e-01  2.39700750e-05 -1.65000000e-01  4.64074417e-02 
-1.70000000e-01 -3.51699175e-06 -1.70000000e-01 -2.72020545e+01 -1.70000000e-01 -1.22982905e+00 -1.70000000e-01  2.75451446e-05 -1.70000000e-01  4.64074794e-02 
-1.75000000e-01 -4.02976092e-06 -1.75000000e-01 -2.72356374e+01 -1.75000000e-01 -1.23180575e+00 -1.75000000e-01  3.16389932e-05 -1.75000000e-01  4.64075227e-02 
-1.80000000e-01 -4.61788238e-06 -1.80000000e-01 -2.72535395e+01 -1.80000000e-01 -1.23310598e+00 -1.80000000e-01  3.63237056e-05 -1.80000000e-01  4.64075723e-02 
-1.85000000e-01 -5.29211717e-06 -1.85000000e-01 -2.72570125e+01 -1.85000000e-01 -1.23378765e+00 -1.85000000e-01  4.16806894e-05 -1.85000000e-01  4.64076292e-02 
-1.90000000e-01 -6.06469412e-06 -1.90000000e-01 -2.72471372e+01 -1.90000000e-01 -1.23390101e+00 -1.90000000e-01  4.78017331e-05 -1.90000000e-01  4.64076943e-02 
-1.95000000e-01 -6.94949530e-06 -1.95000000e-01 -2.72248391e+01 -1.95000000e-01 -1.23348939e+00 -1.95000000e-01  5.47901549e-05 -1.95000000e-01  4.64077690e-02 
-2.00000000e-01 -7.96226164e-06 -2.00000000e-01 -2.71909051e+01 -2.00000000e-01 -1.23258988e+00 -2.00000000e-01  6.27620424e-05 -2.00000000e-01  4.64078544e-02 
-2.05000000e-01 -9.12082057e-06 -2.05000000e-01 -2.71459979e+01 -2.05000000e-01 -1.23123402e+00 -2.05000000e-01  7.18475835e-05 -2.05000000e-01  4.64079521e-02 
-2.10000000e-01 -1.04453371e-05 -2.10000000e-01 -2.70906714e+01 -2.10000000e-01 -1.22944846e+00 -2.10000000e-01  8.21924872e-05 -2.10000000e-01  4.64080638e-02 
-2.15000000e-01 -1.19585900e-05 -2.15000000e-01 -2.70253836e+01 -2.15000000e-01 -1.22725552e+00 -2.15000000e-01  9.39594900e-05 -2.15000000e-01  4.64081915e-02 
-2.20000000e-01 -1.36862747e-05 -2.20000000e-01 -2.69505099e+01 -2.20000000e-01 -1.22467378e+00 -2.20000000e-01  1.07329942e-04 -2.20000000e-01  4.64083372e-02 
-2.25000000e-01 -1.56573339e-05 -2.25000000e-01 -2.68663547e+01 -2.25000000e-01 -1.22171863e+00 -2.25000000e-01  1.22505464e-04 -2.25000000e-01  4.64085035e-02 
-2.30000000e-01 -1.79043179e-05 -2.30000000e-01 -2.67731630e+01 -2.30000000e-01 -1.21840268e+00 -2.30000000e-01  1.39709665e-04 -2.30000000e-01  4.64086930e-02 
-2.35000000e-01 -2.04637750e-05 -2.35000000e-01 -2.66711304e+01 -2.35000000e-01 -1.21473628e+00 -2.35000000e-01  1.59189902e-04 -2.35000000e-01  4.64089089e-02 
-2.40000000e-01 -2.33766732e-05 -2.40000000e-01 -2.65604131e+01 -2.40000000e-01 -1.21072793e+00 -2.40000000e-01  1.81219072e-04 -2.40000000e-01  4.64091546e-02 
-2.45000000e-01 -2.66888539e-05 -2.45000000e-01 -2.64411367e+01 -2.45000000e-01 -1.20638462e+00 -2.45000000e-01  2.06097404e-04 -2.45000000e-01  4.64094340e-02 
-2.50000000e-01 -3.04515173e-05 -2.50000000e-01 -2.63134054e+01 -2.50000000e-01 -1.20171225e+00 -2.50000000e-01  2.34154238e-04 -2.50000000e-01  4.64097513e-02 
-2.55000000e-01 -3.47217402e-05 -2.55000000e-01 -2.61773092e+01 -2.55000000e-01 -1.19671592e+00 -2.55000000e-01  2.65749762e-04 -2.55000000e-01  4.64101115e-02 
-2.60000000e-01 -3.95630251e-05 -2.60000000e-01 -2.60329323e+01 -2.60000000e-01 -1.19140030e+00 -2.60000000e-01  3.01276669e-04 -2.60000000e-01  4.64105199e-02 
-2.65000000e-01 -4.50458795e-05 -2.65000000e-01 -2.58803595e+01 -2.65000000e-01 -1.18576986e+00 -2.65000000e-01  3.41161728e-04 -2.65000000e-01  4.64109823e-02 
-2.70000000e-01 -5.12484248e-05 -2.70000000e-01 -2.57196833e+01 -2.70000000e-01 -1.17982920e+00 -2.70000000e-01  3.85867208e-04 -2.70000000e-01  4.64115054e-02 
-2.75000000e-01 -5.82570326e-05 -2.75000000e-01 -2.55510099e+01 -2.75000000e-01 -1.17358327e+00 -2.75000000e-01  4.35892163e-04 -2.75000000e-01  4.64120965e-02 
-2.80000000e-01 -6.61669858e-05 -2.80000000e-01 -2.53744651e+01 -2.80000000e-01 -1.16703762e+00 -2.80000000e-01  4.91773523e-04 -2.80000000e-01  4.64127636e-02 
-2.85000000e-01 -7.50831634e-05 -2.85000000e-01 -2.51901993e+01 -2.85000000e-01 -1.16019858e+00 -2.85000000e-01  5.54086996e-04 -2.85000000e-01  4.64135156e-02 
-2.90000000e-01 -8.51207446e-05 -2.90000000e-01 -2.49983923e+01 -2.90000000e-01 -1.15307352e+00 -2.90000000e-01  6.23447747e-04 -2.90000000e-01  4.64143621e-02 
-2.95000000e-01 -9.64059319e-05 -2.95000000e-01 -2.47992574e+01 -2.95000000e-01 -1.14567092e+00 -2.95000000e-01  7.00510878e-04 -2.95000000e-01  4.64153138e-02 
-3.00000000e-01 -1.09076688e-04 -3.00000000e-01 -2.45930449e+01 -3.00000000e-01 -1.13800061e+00 -3.00000000e-01  7.85971686e-04 -3.00000000e-01  4.64163823e-02 
-3.05000000e-01 -1.23283487e-04 -3.05000000e-01 -2.43800447e+01 -3.05000000e-01 -1.13007378e+00 -3.05000000e-01  8.80565753e-04 -3.05000000e-01  4.64175802e-02 
-3.10000000e-01 -1.39190074e-04 -3.10000000e-01 -2.41605883e+01 -3.10000000e-01 -1.12190315e+00 -3.10000000e-01  9.85068867e-04 -3.10000000e-01  4.64189214e-02 
-3.15000000e-01 -1.56974242e-04 -3.15000000e-01 -2.39350501e+01 -3.15000000e-01 -1.11350297e+00 -3.15000000e-01  1.10029686e-03 -3.15000000e-01  4.64204209e-02 
-3.20000000e-01 -1.76828610e-04 -3.20000000e-01 -2.37038474e+01 -3.20000000e-01 -1.10488905e+00 -3.20000000e-01  1.22710540e-03 -3.20000000e-01  4.64220948e-02 
-3.25000000e-01 -1.98961418e-04 -3.25000000e-01 -2.34674403e+01 -3.25000000e-01 -1.09607875e+00 -3.25000000e-01  1.36638983e-03 -3.25000000e-01  4.64239607e-02 
-3.30000000e-01 -2.23597343e-04 -3.30000000e-01 -2.32263298e+01 -3.30000000e-01 -1.08709093e+00 -3.30000000e-01  1.51908512e-03 -3.30000000e-01  4.64260374e-02 
-3.35000000e-01 -2.50978320e-04 -3.35000000e-01 -2.29810557e+01 -3.35000000e-01 -1.07794584e+00 -3.35000000e-01  1.68616611e-03 -3.35000000e-01  4.64283454e-02 
-3.40000000e-01 -2.81364402e-04 -3.40000000e-01 -2.27321933e+01 -3.40000000e-01 -1.06866507e+00 -3.40000000e-01  1.86864801e-03 -3.40000000e-01  4.64309064e-02 
-3.45000000e-01 -3.15034654e-04 -3.45000000e-01 -2.24803491e+01 -3.45000000e-01 -1.05927130e+00 -3.45000000e-01  2.06758744e-03 -3.45000000e-01  4.64337439e-02 
-3.50000000e-01 -3.52288080e-04 -3.50000000e-01 -2.22261567e+01 -3.50000000e-01 -1.04978823e+00 -3.50000000e-01  2.28408396e-03 -3.50000000e-01  4.64368830e-02 
-3.55000000e-01 -3.93444626e-04 -3.55000000e-01 -2.19702707e+01 -3.55000000e-01 -1.04024030e+00 -3.55000000e-01  2.51928234e-03 -3.55000000e-01  4.64403506e-02 
-3.60000000e-01 -4.38846241e-04 -3.60000000e-01 -2.17133610e+01 -3.60000000e-01 -1.03065254e+00 -3.60000000e-01  2.77437552e-03 -3.60000000e-01  4.64441753e-02 
-3.65000000e-01 -4.88858031e-04 -3.65000000e-01 -2.14561067e+01 -3.65000000e-01 -1.02105025e+00 -3.65000000e-01  3.05060845e-03 -3.65000000e-01  4.64483878e-02 
-3.70000000e-01 -5.43869524e-04 -3.70000000e-01 -2.11991892e+01 -3.70000000e-01 -1.01145885e+00 -3.70000000e-01  3.34928284e-03 -3.70000000e-01  4.64530206e-02 
-3.75000000e-01 -6.04296050e-04 -3.75000000e-01 -2.09432855e+01 -3.75000000e-01 -1.00190354e+00 -3.75000000e-01  3.67176284e-03 -3.75000000e-01  4.64581084e-02 
-3.80000000e-01 -6.70580278e-04 -3.80000000e-01 -2.06890618e+01 -3.80000000e-01 -9.92409151e-01 -3.80000000e-01  4.01948168e-03 -3.80000000e-01  4.64636884e-02 
-3.85000000e-01 -7.43193908e-04 -3.85000000e-01 -2.04371669e+01 -3.85000000e-01 -9.82999805e-01 -3.85000000e-01  4.39394930e-03 -3.85000000e-01  4.64697998e-02 
-3.90000000e-01 -8.22639554e-04 -3.90000000e-01 -2.01882262e+01 -3.90000000e-01 -9.73698759e-01 -3.90000000e-01  4.79676090e-03 -3.90000000e-01  4.64764845e-02 
-3.95000000e-01 -9.09452836e-04 -3.95000000e-01 -1.99428357e+01 -3.95000000e-01 -9.64528169e-01 -3.95000000e-01  5.22960645e-03 -3.95000000e-01  4.64837873e-02 
-4.00000000e-01 -1.00420470e-03 -4.00000000e-01 -1.97015579e+01 -4.00000000e-01 -9.55508908e-01 -4.00000000e-01  5.69428105e-03 -4.00000000e-01  4.64917555e-02 
-4.05000000e-01 -1.10750397e-03 -4.05000000e-01 -1.94649162e+01 -4.05000000e-01 -9.46660401e-01 -4.05000000e-01  6.19269611e-03 -4.05000000e-01  4.65004398e-02 
-4.10000000e-01 -1.22000021e-03 -4.10000000e-01 -1.92333923e+01 -4.10000000e-01 -9.38000490e-01 -4.10000000e-01  6.72689131e-03 -4.10000000e-01  4.65098940e-02 
-4.15000000e-01 -1.34238683e-03 -4.15000000e-01 -1.90074230e+01 -4.15000000e-01 -9.29545333e-01 -4.15000000e-01  7.29904723e-03 -4.15000000e-01  4.65201755e-02 
-4.20000000e-01 -1.47540455e-03 -4.20000000e-01 -1.87873979e+01 -4.20000000e-01 -9.21309324e-01 -4.20000000e-01  7.91149872e-03 -4.20000000e-01  4.65313456e-02 
-4.25000000e-01 -1.61984513e-03 -4.25000000e-01 -1.85736589e+01 -4.25000000e-01 -9.13305045e-01 -4.25000000e-01  8.56674882e-03 -4.25000000e-01  4.65434695e-02 
-4.30000000e-01 -1.77655552e-03 -4.30000000e-01 -1.83664988e+01 -4.30000000e-01 -9.05543255e-01 -4.30000000e-01  9.26748338e-03 -4.30000000e-01  4.65566170e-02 
-4.35000000e-01 -1.94644234e-03 -4.35000000e-01 -1.81661622e+01 -4.35000000e-01 -8.98032892e-01 -4.35000000e-01  1.00165862e-02 -4.35000000e-01  4.65708626e-02 
-4.40000000e-01 -2.13047680e-03 -4.40000000e-01 -1.79728465e+01 -4.40000000e-01 -8.90781110e-01 -4.40000000e-01  1.08171548e-02 -4.40000000e-01  4.65862857e-02 
-4.45000000e-01 -2.32969999e-03 -4.45000000e-01 -1.77867028e+01 -4.45000000e-01 -8.83793337e-01 -4.45000000e-01  1.16725171e-02 -4.45000000e-01  4.66029717e-02 
-4.50000000e-01 -2.54522864e-03 -4.50000000e-01 -1.76078385e+01 -4.50000000e-01 -8.77073344e-01 -4.50000000e-01  1.25862485e-02 -4.50000000e-01  4.66210113e-02 
-4.55000000e-01 -2.77826138e-03 -4.55000000e-01 -1.74363196e+01 -4.55000000e-01 -8.70623343e-01 -4.55000000e-01  1.35621898e-02 -4.55000000e-01  4.66405023e-02 
-4.60000000e-01 -3.03008547e-03 -4.60000000e-01 -1.72721734e+01 -4.60000000e-01 -8.64444082e-01 -4.60000000e-01  1.46044665e-02 -4.60000000e-01  4.66615487e-02 
-4.65000000e-01 -3.30208416e-03 -4.65000000e-01 -1.71153917e+01 -4.65000000e-01 -8.58534968e-01 -4.65000000e-01  1.57175085e-02 -4.65000000e-01  4.66842625e-02 
-4.70000000e-01 -3.59574449e-03 -4.70000000e-01 -1.69659337e+01 -4.70000000e-01 -8.52894176e-01 -4.70000000e-01  1.69060717e-02 -4.70000000e-01  4.67087633e-02 
-4.75000000e-01 -3.91266589e-03 -4.75000000e-01 -1.68237299e+01 -4.75000000e-01 -8.47518781e-01 -4.75000000e-01  1.81752605e-02 -4.75000000e-01  4.67351793e-02 
-4.80000000e-01 -4.25456934e-03 -4.80000000e-01 -1.66886850e+01 -4.80000000e-01 -8.42404877e-01 -4.80000000e-01  1.95305516e-02 -4.80000000e-01  4.67636482e-02 
-4.85000000e-01 -4.62330733e-03 -4.85000000e-01 -1.65606815e+01 -4.85000000e-01 -8.37547702e-01 -4.85000000e-01  2.09778209e-02 -4.85000000e-01  4.67943173e-02 
-4.90000000e-01 -5.02087459e-03 -4.90000000e-01 -1.64395828e+01 -4.90000000e-01 -8.32941759e-01 -4.90000000e-01  2.25233706e-02 -4.90000000e-01  4.68273445e-02 
-4.95000000e-01 -5.44941973e-03 -4.95000000e-01 -1.63252365e+01 -4.95000000e-01 -8.28580931e-01 -4.95000000e-01  2.41739601e-02 -4.95000000e-01  4.68628993e-02 
-5.00000000e-01 -5.91125777e-03 -5.00000000e-01 -1.62174771e+01 -5.00000000e-01 -8.24458593e-01 -5.00000000e-01  2.59368384e-02 -5.00000000e-01  4.69011632e-02 
-5.05000000e-01 -6.40888373e-03 -5.05000000e-01 -1.61161293e+01 -5.05000000e-01 -8.20567711e-01 -5.05000000e-01  2.78197798e-02 -5.05000000e-01  4.69423308e-02 
-5.10000000e-01 -6.94498735e-03 -5.10000000e-01 -1.60210103e+01 -5.10000000e-01 -8.16900943e-01 -5.10000000e-01  2.98311229e-02 -5.10000000e-01  4.69866106e-02 
-5.15000000e-01 -7.52246903e-03 -5.15000000e-01 -1.59319319e+01 -5.15000000e-01 -8.13450723e-01 -5.15000000e-01  3.19798126e-02 -5.15000000e-01  4.70342261e-02 
-5.20000000e-01 -8.14445708e-03 -5.20000000e-01 -1.58487035e+01 -5.20000000e-01 -8.10209340e-01 -5.20000000e-01  3.42754461e-02 -5.20000000e-01  4.70854168e-02 
-5.25000000e-01 -8.81432647e-03 -5.25000000e-01 -1.57711332e+01 -5.25000000e-01 -8.07169013e-01 -5.25000000e-01  3.67283232e-02 -5.25000000e-01  4.71404392e-02 
-5.30000000e-01 -9.53571918e-03 -5.30000000e-01 -1.56990299e+01 -5.30000000e-01 -8.04321947e-01 -5.30000000e-01  3.93495015e-02 -5.30000000e-01  4.71995681e-02 
-5.35000000e-01 -1.03125663e-02 -5.35000000e-01 -1.56322048e+01 -5.35000000e-01 -8.01660395e-01 -5.35000000e-01  4.21508564e-02 -5.35000000e-01  4.72630974e-02 
-5.40000000e-01 -1.11491118e-02 -5.40000000e-01 -1.55704728e+01 -5.40000000e-01 -7.99176698e-01 -5.40000000e-01  4.51451463e-02 -5.40000000e-01  4.73313420e-02 
-5.45000000e-01 -1.20499393e-02 -5.45000000e-01 -1.55136533e+01 -5.45000000e-01 -7.96863328e-01 -5.45000000e-01  4.83460855e-02 -5.45000000e-01  4.74046388e-02 
-5.50000000e-01 -1.30199995e-02 -5.50000000e-01 -1.54615712e+01 -5.50000000e-01 -7.94712916e-01 -5.50000000e-01  5.17684217e-02 -5.50000000e-01  4.74833480e-02 
-5.55000000e-01 -1.40646420e-02 -5.55000000e-01 -1.54140578e+01 -5.55000000e-01 -7.92718281e-01 -5.55000000e-01  5.54280229e-02 -5.55000000e-01  4.75678548e-02 
-5.60000000e-01 -1.51896484e-02 -5.60000000e-01 -1.53709509e+01 -5.60000000e-01 -7.90872445e-01 -5.60000000e-01  5.93419711e-02 -5.60000000e-01  4.76585710e-02 
-5.65000000e-01 -1.64012694e-02 -5.65000000e-01 -1.53320958e+01 -5.65000000e-01 -7.89168647e-01 -5.65000000e-01  6.35286653e-02 -5.65000000e-01  4.77559365e-02 
-5.70000000e-01 -1.77062645e-02 -5.70000000e-01 -1.52973447e+01 -5.70000000e-01 -7.87600348e-01 -5.70000000e-01  6.80079339e-02 -5.70000000e-01  4.78604209e-02 
-5.75000000e-01 -1.91119459e-02 -5.75000000e-01 -1.52665574e+01 -5.75000000e-01 -7.86161234e-01 -5.75000000e-01  7.28011575e-02 -5.75000000e-01  4.79725255e-02 
-5.80000000e-01 -2.06262259e-02 -5.80000000e-01 -1.52396008e+01 -5.80000000e-01 -7.84845213e-01 -5.80000000e-01  7.79314030e-02 -5.80000000e-01  4.80927851e-02 
-5.85000000e-01 -2.22576692e-02 -5.85000000e-01 -1.52163491e+01 -5.85000000e-01 -7.83646400e-01 -5.85000000e-01  8.34235698e-02 -5.85000000e-01  4.82217698e-02 
-5.90000000e-01 -2.40155493e-02 -5.90000000e-01 -1.51966828e+01 -5.90000000e-01 -7.82559112e-01 -5.90000000e-01  8.93045488e-02 -5.90000000e-01  4.83600870e-02 
-5.95000000e-01 -2.59099108e-02 -5.95000000e-01 -1.51804887e+01 -5.95000000e-01 -7.81577846e-01 -5.95000000e-01  9.56033961e-02 -5.95000000e-01  4.85083835e-02 
-6.00000000e-01 -2.79516363e-02 -6.00000000e-01 -1.51676592e+01 -6.00000000e-01 -7.80697257e-01 -6.00000000e-01  1.02351520e-01 -6.00000000e-01  4.86673474e-02 
-6.05000000e-01 -3.01525211e-02 -6.05000000e-01 -1.51580912e+01 -6.05000000e-01 -7.79912135e-01 -6.05000000e-01  1.09582887e-01 -6.05000000e-01  4.88377104e-02 
-6.10000000e-01 -3.25253532e-02 -6.10000000e-01 -1.51516856e+01 -6.10000000e-01 -7.79217370e-01 -6.10000000e-01  1.17334240e-01 -6.10000000e-01  4.90202498e-02 
-6.15000000e-01 -3.50840011e-02 -6.15000000e-01 -1.51483461e+01 -6.15000000e-01 -7.78607923e-01 -6.15000000e-01  1.25645338e-01 -6.15000000e-01  4.92157906e-02 
-6.20000000e-01 -3.78435096e-02 -6.20000000e-01 -1.51479780e+01 -6.20000000e-01 -7.78078788e-01 -6.20000000e-01  1.34559211e-01 -6.20000000e-01  4.94252078e-02 
-6.25000000e-01 -4.08202048e-02 -6.25000000e-01 -1.51504872e+01 -6.25000000e-01 -7.77624950e-01 -6.25000000e-01  1.44122437e-01 -6.25000000e-01  4.96494282e-02 
-6.30000000e-01 -4.40318066e-02 -6.30000000e-01 -1.51557783e+01 -6.30000000e-01 -7.77241339e-01 -6.30000000e-01  1.54385435e-01 -6.30000000e-01  4.98894328e-02 
-6.35000000e-01 -4.74975536e-02 -6.35000000e-01 -1.51637537e+01 -6.35000000e-01 -7.76922783e-01 -6.35000000e-01  1.65402777e-01 -6.35000000e-01  5.01462585e-02 
-6.40000000e-01 -5.12383366e-02 -6.40000000e-01 -1.51743115e+01 -6.40000000e-01 -7.76663962e-01 -6.40000000e-01  1.77233523e-01 -6.40000000e-01  5.04210003e-02 
-6.45000000e-01 -5.52768450e-02 -6.45000000e-01 -1.51873438e+01 -6.45000000e-01 -7.76459345e-01 -6.45000000e-01  1.89941567e-01 -6.45000000e-01  5.07148126e-02 
-6.50000000e-01 -5.96377243e-02 -6.50000000e-01 -1.52027353e+01 -6.50000000e-01 -7.76303142e-01 -6.50000000e-01  2.03596006e-01 -6.50000000e-01  5.10289109e-02 
-6.55000000e-01 -6.43477474e-02 -6.55000000e-01 -1.52203607e+01 -6.55000000e-01 -7.76189243e-01 -6.55000000e-01  2.18271519e-01 -6.55000000e-01  5.13645733e-02 
-6.60000000e-01 -6.94359990e-02 -6.60000000e-01 -1.52400830e+01 -6.60000000e-01 -7.76111157e-01 -6.60000000e-01  2.34048762e-01 -6.60000000e-01  5.17231415e-02 
-6.65000000e-01 -7.49340739e-02 -6.65000000e-01 -1.52617517e+01 -6.65000000e-01 -7.76061957e-01 -6.65000000e-01  2.51014770e-01 -6.65000000e-01  5.21060212e-02 
-6.70000000e-01 -8.08762902e-02 -6.70000000e-01 -1.52852002e+01 -6.70000000e-01 -7.76034216e-01 -6.70000000e-01  2.69263356e-01 -6.70000000e-01  5.25146829e-02 
-6.75000000e-01 -8.72999179e-02 -6.75000000e-01 -1.53102442e+01 -6.75000000e-01 -7.76019955e-01 -6.75000000e-01  2.88895522e-01 -6.75000000e-01  5.29506618e-02 
-6.80000000e-01 -9.42454217e-02 -6.80000000e-01 -1.53366792e+01 -6.80000000e-01 -7.76010582e-01 -6.80000000e-01  3.10019844e-01 -6.80000000e-01  5.34155567e-02 
-6.85000000e-01 -1.01756720e-01 -6.85000000e-01 -1.53642790e+01 -6.85000000e-01 -7.75996850e-01 -6.85000000e-01  3.32752852e-01 -6.85000000e-01  5.39110297e-02 
-6.90000000e-01 -1.09881457e-01 -6.90000000e-01 -1.53927940e+01 -6.90000000e-01 -7.75968809e-01 -6.90000000e-01  3.57219371e-01 -6.90000000e-01  5.44388036e-02 
-6.95000000e-01 -1.18671292e-01 -6.95000000e-01 -1.54219492e+01 -6.95000000e-01 -7.75915773e-01 -6.95000000e-01  3.83552832e-01 -6.95000000e-01  5.50006600e-02 
-7.00000000e-01 -1.28182200e-01 -7.00000000e-01 -1.54514432e+01 -7.00000000e-01 -7.75826293e-01 -7.00000000e-01  4.11895520e-01 -7.00000000e-01  5.55984359e-02 
-7.05000000e-01 -1.38474782e-01 -7.05000000e-01 -1.54809473e+01 -7.05000000e-01 -7.75688146e-01 -7.05000000e-01  4.42398757e-01 -7.05000000e-01  5.62340199e-02 
-7.10000000e-01 -1.49614589e-01 -7.10000000e-01 -1.55101051e+01 -7.10000000e-01 -7.75488340e-01 -7.10000000e-01  4.75223001e-01 -7.10000000e-01  5.69093466e-02 
-7.15000000e-01 -1.61672454e-01 -7.15000000e-01 -1.55385322e+01 -7.15000000e-01 -7.75213128e-01 -7.15000000e-01  5.10537837e-01 -7.15000000e-01  5.76263915e-02 
-7.20000000e-01 -1.74724820e-01 -7.20000000e-01 -1.55658170e+01 -7.20000000e-01 -7.74848048e-01 -7.20000000e-01  5.48521850e-01 -7.20000000e-01  5.83871638e-02 
-7.25000000e-01 -1.88854080e-01 -7.25000000e-01 -1.55915218e+01 -7.25000000e-01 -7.74377980e-01 -7.25000000e-01  5.89362350e-01 -7.25000000e-01  5.91936985e-02 
-7.30000000e-01 -2.04148902e-01 -7.30000000e-01 -1.56151847e+01 -7.30000000e-01 -7.73787229e-01 -7.30000000e-01  6.33254936e-01 -7.30000000e-01  6.00480474e-02 
-7.35000000e-01 -2.20704553e-01 -7.35000000e-01 -1.56363220e+01 -7.35000000e-01 -7.73059623e-01 -7.35000000e-01  6.80402883e-01 -7.35000000e-01  6.09522696e-02 
-7.40000000e-01 -2.38623201e-01 -7.40000000e-01 -1.56544317e+01 -7.40000000e-01 -7.72178641e-01 -7.40000000e-01  7.31016323e-01 -7.40000000e-01  6.19084201e-02 
-7.45000000e-01 -2.58014200e-01 -7.45000000e-01 -1.56689975e+01 -7.45000000e-01 -7.71127562e-01 -7.45000000e-01  7.85311211e-01 -7.45000000e-01  6.29185378e-02 
-7.50000000e-01 -2.78994336e-01 -7.50000000e-01 -1.56794935e+01 -7.50000000e-01 -7.69889637e-01 -7.50000000e-01  8.43508069e-01 -7.50000000e-01  6.39846333e-02 
-7.55000000e-01 -3.01688053e-01 -7.55000000e-01 -1.56853899e+01 -7.55000000e-01 -7.68448275e-01 -7.55000000e-01  9.05830488e-01 -7.55000000e-01  6.51086744e-02 
-7.60000000e-01 -3.26227612e-01 -7.60000000e-01 -1.56861588e+01 -7.60000000e-01 -7.66787256e-01 -7.60000000e-01  9.72503394e-01 -7.60000000e-01  6.62925725e-02 
-7.65000000e-01 -3.52753210e-01 -7.65000000e-01 -1.56812809e+01 -7.65000000e-01 -7.64890953e-01 -7.65000000e-01  1.04375109e+00 -7.65000000e-01  6.75381670e-02 
-7.70000000e-01 -3.81413031e-01 -7.70000000e-01 -1.56702523e+01 -7.70000000e-01 -7.62744556e-01 -7.70000000e-01  1.11979505e+00 -7.70000000e-01  6.88472107e-02 
-7.75000000e-01 -4.12363228e-01 -7.75000000e-01 -1.56525921e+01 -7.75000000e-01 -7.60334317e-01 -7.75000000e-01  1.20085155e+00 -7.75000000e-01  7.02213538e-02 
-7.80000000e-01 -4.45767819e-01 -7.80000000e-01 -1.56278492e+01 -7.80000000e-01 -7.57647774e-01 -7.80000000e-01  1.28712912e+00 -7.80000000e-01  7.16621292e-02 
-7.85000000e-01 -4.81798510e-01 -7.85000000e-01 -1.55956098e+01 -7.85000000e-01 -7.54673983e-01 -7.85000000e-01  1.37882581e+00 -7.85000000e-01  7.31709365e-02 
-7.90000000e-01 -5.20634408e-01 -7.90000000e-01 -1.55555040e+01 -7.90000000e-01 -7.51403725e-01 -7.90000000e-01  1.47612647e+00 -7.90000000e-01  7.47490286e-02 
-7.95000000e-01 -5.62461660e-01 -7.95000000e-01 -1.55072122e+01 -7.95000000e-01 -7.47829700e-01 -7.95000000e-01  1.57919989e+00 -7.95000000e-01  7.63974971e-02 
-8.00000000e-01 -6.07472973e-01 -8.00000000e-01 -1.54504705e+01 -8.00000000e-01 -7.43946689e-01 -8.00000000e-01  1.68819605e+00 -8.00000000e-01  7.81172603e-02 
-8.05000000e-01 -6.55867049e-01 -8.05000000e-01 -1.53850762e+01 -8.05000000e-01 -7.39751688e-01 -8.05000000e-01  1.80324347e+00 -8.05000000e-01  7.99090521e-02 
-8.10000000e-01 -7.07847915e-01 -8.10000000e-01 -1.53108905e+01 -8.10000000e-01 -7.35244004e-01 -8.10000000e-01  1.92444665e+00 -8.10000000e-01  8.17734116e-02 
-8.15000000e-01 -7.63624170e-01 -8.15000000e-01 -1.52278423e+01 -8.15000000e-01 -7.30425314e-01 -8.15000000e-01  2.05188381e+00 -8.15000000e-01  8.37106764e-02 
-8.20000000e-01 -8.23408131e-01 -8.20000000e-01 -1.51359285e+01 -8.20000000e-01 -7.25299679e-01 -8.20000000e-01  2.18560496e+00 -8.20000000e-01  8.57209757e-02 
-8.25000000e-01 -8.87414922e-01 -8.25000000e-01 -1.50352154e+01 -8.25000000e-01 -7.19873518e-01 -8.25000000e-01  2.32563023e+00 -8.25000000e-01  8.78042276e-02 
-8.30000000e-01 -9.55861478e-01 -8.30000000e-01 -1.49258366e+01 -8.30000000e-01 -7.14155541e-01 -8.30000000e-01  2.47194873e+00 -8.30000000e-01  8.99601368e-02 
-8.35000000e-01 -1.02896551e+00 -8.35000000e-01 -1.48079917e+01 -8.35000000e-01 -7.08156639e-01 -8.35000000e-01  2.62451778e+00 -8.35000000e-01  9.21881962e-02 
-8.40000000e-01 -1.10694444e+00 -8.40000000e-01 -1.46819422e+01 -8.40000000e-01 -7.01889740e-01 -8.40000000e-01  2.78326270e+00 -8.40000000e-01  9.44876893e-02 
-8.45000000e-01 -1.19001428e+00 -8.45000000e-01 -1.45480078e+01 -8.45000000e-01 -6.95369632e-01 -8.45000000e-01  2.94807705e+00 -8.45000000e-01  9.68576960e-02 
-8.50000000e-01 -1.27838856e+00 -8.50000000e-01 -1.44065608e+01 -8.50000000e-01 -6.88612758e-01 -8.50000000e-01  3.11882335e+00 -8.50000000e-01  9.92971001e-02 
-8.55000000e-01 -1.37227722e+00 -8.55000000e-01 -1.42580202e+01 -8.55000000e-01 -6.81636990e-01 -8.55000000e-01  3.29533438e+00 -8.55000000e-01  1.01804598e-01 
-8.60000000e-01 -1.47188557e+00 -8.60000000e-01 -1.41028453e+01 -8.60000000e-01 -6.74461387e-01 -8.60000000e-01  3.47741484e+00 -8.60000000e-01  1.04378711e-01 
-8.65000000e-01 -1.57741327e+00 -8.65000000e-01 -1.39415289e+01 -8.65000000e-01 -6.67105946e-01 -8.65000000e-01  3.66484345e+00 -8.65000000e-01  1.07017797e-01 
-8.70000000e-01 -1.68905339e+00 -8.70000000e-01 -1.37745903e+01 -8.70000000e-01 -6.59591345e-01 -8.70000000e-01  3.85737543e+00 -8.70000000e-01  1.09720065e-01 
-8.75000000e-01 -1.80699154e+00 -8.75000000e-01 -1.36025683e+01 -8.75000000e-01 -6.51938694e-01 -8.75000000e-01  4.05474522e+00 -8.75000000e-01  1.12483590e-01 
-8.80000000e-01 -1.93140506e+00 -8.80000000e-01 -1.34260139e+01 -8.80000000e-01 -6.44169294e-01 -8.80000000e-01  4.25666947e+00 -8.80000000e-01  1.15306330e-01 
-8.85000000e-01 -2.06246235e+00 -8.85000000e-01 -1.32454845e+01 -8.85000000e-01 -6.36304404e-01 -8.85000000e-01  4.46285016e+00 -8.85000000e-01  1.18186140e-01 
-8.90000000e-01 -2.20032229e+00 -8.90000000e-01 -1.30615368e+01 -8.90000000e-01 -6.28365031e-01 -8.90000000e-01  4.67297780e+00 -8.90000000e-01  1.21120789e-01 
-8.95000000e-01 -2.34513369e+00 -8.95000000e-01 -1.28747218e+01 -8.95000000e-01 -6.20371733e-01 -8.95000000e-01  4.88673462e+00 -8.95000000e-01  1.24107980e-01 
-9.00000000e-01 -2.49703498e+00 -9.00000000e-01 -1.26855793e+01 -9.00000000e-01 -6.12344449e-01 -9.00000000e-01  5.10379773e+00 -9.00000000e-01  1.27145360e-01 
-9.05000000e-01 -2.65615391e+00 -9.05000000e-01 -1.24946336e+01 -9.05000000e-01 -6.04302351e-01 -9.05000000e-01  5.32384216e+00 -9.05000000e-01  1.30230542e-01 
-9.10000000e-01 -2.82260735e+00 -9.10000000e-01 -1.23023892e+01 -9.10000000e-01 -5.96263718e-01 -9.10000000e-01  5.54654368e+00 -9.10000000e-01  1.33361114e-01 
-9.15000000e-01 -2.99650126e+00 -9.15000000e-01 -1.21093280e+01 -9.15000000e-01 -5.88245838e-01 -9.15000000e-01  5.77158150e+00 -9.15000000e-01  1.36534658e-01 
-9.20000000e-01 -3.17793068e+00 -9.20000000e-01 -1.19159066e+01 -9.20000000e-01 -5.80264926e-01 -9.20000000e-01  5.99864063e+00 -9.20000000e-01  1.39748762e-01 
-9.25000000e-01 -3.36697984e+00 -9.25000000e-01 -1.17225541e+01 -9.25000000e-01 -5.72336068e-01 -9.25000000e-01  6.22741405e+00 -9.25000000e-01  1.43001028e-01 
-9.30000000e-01 -3.56372236e+00 -9.30000000e-01 -1.15296708e+01 -9.30000000e-01 -5.64473191e-01 -9.30000000e-01  6.45760456e+00 -9.30000000e-01  1.46289089e-01 
-9.35000000e-01 -3.76822145e+00 -9.35000000e-01 -1.13376276e+01 -9.35000000e-01 -5.56689040e-01 -9.35000000e-01  6.68892635e+00 -9.35000000e-01  1.49610616e-01 
-9.40000000e-01 -3.98053029e+00 -9.40000000e-01 -1.11467649e+01 -9.40000000e-01 -5.48995180e-01 -9.40000000e-01  6.92110631e+00 -9.40000000e-01  1.52963326e-01 
-9.45000000e-01 -4.20069234e+00 -9.45000000e-01 -1.09573935e+01 -9.45000000e-01 -5.41402010e-01 -9.45000000e-01  7.15388501e+00 -9.45000000e-01  1.56344991e-01 
-9.50000000e-01 -4.42874175e+00 -9.50000000e-01 -1.07697940e+01 -9.50000000e-01 -5.33918787e-01 -9.50000000e-01  7.38701747e+00 -9.50000000e-01  1.59753445e-01 
-9.55000000e-01 -4.66470378e+00 -9.55000000e-01 -1.05842184e+01 -9.55000000e-01 -5.26553667e-01 -9.55000000e-01  7.62027367e+00 -9.55000000e-01  1.63186585e-01 
-9.60000000e-01 -4.90859530e+00 -9.60000000e-01 -1.04008904e+01 -9.60000000e-01 -5.19313746e-01 -9.60000000e-01  7.85343881e+00 -9.60000000e-01  1.66642382e-01 
-9.65000000e-01 -5.16042522e+00 -9.65000000e-01 -1.02200068e+01 -9.65000000e-01 -5.12205113e-01 -9.65000000e-01  8.08631344e+00 -9.65000000e-01  1.70118879e-01 
-9.70000000e-01 -5.42019499e+00 -9.70000000e-01 -1.00417390e+01 -9.70000000e-01 -5.05232907e-01 -9.70000000e-01  8.31871328e+00 -9.70000000e-01  1.73614196e-01 
-9.75000000e-01 -5.68789908e+00 -9.75000000e-01 -9.86623381e+00 -9.75000000e-01 -4.98401373e-01 -9.75000000e-01  8.55046904e+00 -9.75000000e-01  1.77126531e-01 
-9.80000000e-01 -5.96352548e+00 -9.80000000e-01 -9.69361564e+00 -9.80000000e-01 -4.91713930e-01 -9.80000000e-01  8.78142600e+00 -9.80000000e-01  1.80654161e-01 
-9.85000000e-01 -6.24705616e+00 -9.85000000e-01 -9.52398763e+00 -9.85000000e-01 -4.85173226e-01 -9.85000000e-01  9.01144353e+00 -9.85000000e-01  1.84195444e-01 
-9.90000000e-01 -6.53846752e+00 -9.90000000e-01 -9.35743333e+00 -9.90000000e-01 -4.78781204e-01 -9.90000000e-01  9.24039451e+00 -9.90000000e-01  1.87748815e-01 
-9.95000000e-01 -6.83773090e+00 -9.95000000e-01 -9.19401824e+00 -9.95000000e-01 -4.72539164e-01 -9.95000000e-01  9.46816467e+00 -9.95000000e-01  1.91312788e-01 
-1.00000000e+00 -7.14481296e+00 -1.00000000e+00 -9.03379133e+00 -1.00000000e+00 -4.66447820e-01 -1.00000000e+00  9.69465193e+00 -1.00000000e+00  1.94885956e-01 
-1.00500000e+00 -7.45967610e+00 -1.00500000e+00 -8.87678654e+00 -1.00500000e+00 -4.60507356e-01 -1.00500000e+00  9.91976564e+00 -1.00500000e+00  1.98466984e-01 
-1.01000000e+00 -7.78227890e+00 -1.01000000e+00 -8.72302417e+00 -1.01000000e+00 -4.54717486e-01 -1.01000000e+00  1.01434259e+01 -1.01000000e+00  2.02054616e-01 
-1.01500000e+00 -8.11257643e+00 -1.01500000e+00 -8.57251229e+00 -1.01500000e+00 -4.49077501e-01 -1.01500000e+00  1.03655626e+01 -1.01500000e+00  2.05647664e-01 
-1.02000000e+00 -8.45052067e+00 -1.02000000e+00 -8.42524796e+00 -1.02000000e+00 -4.43586318e-01 -1.02000000e+00  1.05861150e+01 -1.02000000e+00  2.09245011e-01 
-1.02500000e+00 -8.79606077e+00 -1.02500000e+00 -8.28121853e+00 -1.02500000e+00 -4.38242529e-01 -1.02500000e+00  1.08050308e+01 -1.02500000e+00  2.12845606e-01 
-1.03000000e+00 -9.14914343e+00 -1.03000000e+00 -8.14040267e+00 -1.03000000e+00 -4.33044439e-01 -1.03000000e+00  1.10222654e+01 -1.03000000e+00  2.16448464e-01 
-1.03500000e+00 -9.50971311e+00 -1.03500000e+00 -8.00277151e+00 -1.03500000e+00 -4.27990109e-01 -1.03500000e+00  1.12377813e+01 -1.03500000e+00  2.20052662e-01 
-1.04000000e+00 -9.87771237e+00 -1.04000000e+00 -7.86828957e+00 -1.04000000e+00 -4.23077388e-01 -1.04000000e+00  1.14515473e+01 -1.04000000e+00  2.23657334e-01 
-1.04500000e+00 -1.02530820e+01 -1.04500000e+00 -7.73691568e+00 -1.04500000e+00 -4.18303949e-01 -1.04500000e+00  1.16635381e+01 -1.04500000e+00  2.27261674e-01 
-1.05000000e+00 -1.06357615e+01 -1.05000000e+00 -7.60860377e+00 -1.05000000e+00 -4.13667317e-01 -1.05000000e+00  1.18737335e+01 -1.05000000e+00  2.30864928e-01 
-1.05500000e+00 -1.10256888e+01 -1.05500000e+00 -7.48330365e+00 -1.05500000e+00 -4.09164899e-01 -1.05500000e+00  1.20821181e+01 -1.05500000e+00  2.34466393e-01 
-1.06000000e+00 -1.14228010e+01 -1.06000000e+00 -7.36096166e+00 -1.06000000e+00 -4.04794005e-01 -1.06000000e+00  1.22886803e+01 -1.06000000e+00  2.38065416e-01 
-1.06500000e+00 -1.18270342e+01 -1.06500000e+00 -7.24152134e+00 -1.06500000e+00 -4.00551870e-01 -1.06500000e+00  1.24934123e+01 -1.06500000e+00  2.41661389e-01 
-1.07000000e+00 -1.22383236e+01 -1.07000000e+00 -7.12492390e+00 -1.07000000e+00 -3.96435679e-01 -1.07000000e+00  1.26963096e+01 -1.07000000e+00  2.45253749e-01 
-1.07500000e+00 -1.26566041e+01 -1.07500000e+00 -7.01110881e+00 -1.07500000e+00 -3.92442577e-01 -1.07500000e+00  1.28973703e+01 -1.07500000e+00  2.48841973e-01 
-1.08000000e+00 -1.30818098e+01 -1.08000000e+00 -6.90001417e+00 -1.08000000e+00 -3.88569691e-01 -1.08000000e+00  1.30965948e+01 -1.08000000e+00  2.52425578e-01 
-1.08500000e+00 -1.35138745e+01 -1.08500000e+00 -6.79157715e+00 -1.08500000e+00 -3.84814139e-01 -1.08500000e+00  1.32939858e+01 -1.08500000e+00  2.56004118e-01 
-1.09000000e+00 -1.39527317e+01 -1.09000000e+00 -6.68573431e+00 -1.09000000e+00 -3.81173046e-01 -1.09000000e+00  1.34895476e+01 -1.09000000e+00  2.59577180e-01 
-1.09500000e+00 -1.43983146e+01 -1.09500000e+00 -6.58242195e+00 -1.09500000e+00 -3.77643550e-01 -1.09500000e+00  1.36832860e+01 -1.09500000e+00  2.63144385e-01 
-1.10000000e+00 -1.48505565e+01 -1.10000000e+00 -6.48157632e+00 -1.10000000e+00 -3.74222815e-01 -1.10000000e+00  1.38752080e+01 -1.10000000e+00  2.66705386e-01 
-1.10500000e+00 -1.53093904e+01 -1.10500000e+00 -6.38313394e+00 -1.10500000e+00 -3.70908038e-01 -1.10500000e+00  1.40653215e+01 -1.10500000e+00  2.70259861e-01 
-1.11000000e+00 -1.57747494e+01 -1.11000000e+00 -6.28703172e+00 -1.11000000e+00 -3.67696454e-01 -1.11000000e+00  1.42536352e+01 -1.11000000e+00  2.73807519e-01 
-1.11500000e+00 -1.62465666e+01 -1.11500000e+00 -6.19320719e+00 -1.11500000e+00 -3.64585344e-01 -1.11500000e+00  1.44401586e+01 -1.11500000e+00  2.77348092e-01 
-1.12000000e+00 -1.67247752e+01 -1.12000000e+00 -6.10159864e+00 -1.12000000e+00 -3.61572036e-01 -1.12000000e+00  1.46249013e+01 -1.12000000e+00  2.80881336e-01 
-1.12500000e+00 -1.72093086e+01 -1.12500000e+00 -6.01214524e+00 -1.12500000e+00 -3.58653913e-01 -1.12500000e+00  1.48078733e+01 -1.12500000e+00  2.84407031e-01 
-1.13000000e+00 -1.77001002e+01 -1.13000000e+00 -5.92478717e+00 -1.13000000e+00 -3.55828417e-01 -1.13000000e+00  1.49890850e+01 -1.13000000e+00  2.87924975e-01 
-1.13500000e+00 -1.81970837e+01 -1.13500000e+00 -5.83946569e+00 -1.13500000e+00 -3.53093044e-01 -1.13500000e+00  1.51685466e+01 -1.13500000e+00  2.91434988e-01 
-1.14000000e+00 -1.87001930e+01 -1.14000000e+00 -5.75612322e+00 -1.14000000e+00 -3.50445357e-01 -1.14000000e+00  1.53462684e+01 -1.14000000e+00  2.94936908e-01 
-1.14500000e+00 -1.92093622e+01 -1.14500000e+00 -5.67470340e+00 -1.14500000e+00 -3.47882976e-01 -1.14500000e+00  1.55222604e+01 -1.14500000e+00  2.98430587e-01 
-1.15000000e+00 -1.97245257e+01 -1.15000000e+00 -5.59515113e+00 -1.15000000e+00 -3.45403588e-01 -1.15000000e+00  1.56965326e+01 -1.15000000e+00  3.01915898e-01 
-1.15500000e+00 -2.02456180e+01 -1.15500000e+00 -5.51741263e+00 -1.15500000e+00 -3.43004944e-01 -1.15500000e+00  1.58690948e+01 -1.15500000e+00  3.05392726e-01 
-1.16000000e+00 -2.07725741e+01 -1.16000000e+00 -5.44143543e+00 -1.16000000e+00 -3.40684858e-01 -1.16000000e+00  1.60399563e+01 -1.16000000e+00  3.08860968e-01 
-1.16500000e+00 -2.13053291e+01 -1.16500000e+00 -5.36716841e+00 -1.16500000e+00 -3.38441210e-01 -1.16500000e+00  1.62091263e+01 -1.16500000e+00  3.12320539e-01 
-1.17000000e+00 -2.18438183e+01 -1.17000000e+00 -5.29456180e+00 -1.17000000e+00 -3.36271943e-01 -1.17000000e+00  1.63766136e+01 -1.17000000e+00  3.15771362e-01 
-1.17500000e+00 -2.23879776e+01 -1.17500000e+00 -5.22356719e+00 -1.17500000e+00 -3.34175063e-01 -1.17500000e+00  1.65424264e+01 -1.17500000e+00  3.19213372e-01 
-1.18000000e+00 -2.29377428e+01 -1.18000000e+00 -5.15413752e+00 -1.18000000e+00 -3.32148643e-01 -1.18000000e+00  1.67065729e+01 -1.18000000e+00  3.22646517e-01 
-1.18500000e+00 -2.34930503e+01 -1.18500000e+00 -5.08622706e+00 -1.18500000e+00 -3.30190812e-01 -1.18500000e+00  1.68690604e+01 -1.18500000e+00  3.26070751e-01 
-1.19000000e+00 -2.40538365e+01 -1.19000000e+00 -5.01979142e+00 -1.19000000e+00 -3.28299766e-01 -1.19000000e+00  1.70298963e+01 -1.19000000e+00  3.29486041e-01 
-1.19500000e+00 -2.46200382e+01 -1.19500000e+00 -4.95478752e+00 -1.19500000e+00 -3.26473758e-01 -1.19500000e+00  1.71890871e+01 -1.19500000e+00  3.32892361e-01 
-1.20000000e+00 -2.51915926e+01 -1.20000000e+00 -4.89117357e+00 -1.20000000e+00 -3.24711100e-01 -1.20000000e+00  1.73466392e+01 -1.20000000e+00  3.36289692e-01 
-1.20500000e+00 -2.57684370e+01 -1.20500000e+00 -4.82890905e+00 -1.20500000e+00 -3.23010162e-01 -1.20500000e+00  1.75025585e+01 -1.20500000e+00  3.39678023e-01 
-1.21000000e+00 -2.63505090e+01 -1.21000000e+00 -4.76795470e+00 -1.21000000e+00 -3.21369371e-01 -1.21000000e+00  1.76568503e+01 -1.21000000e+00  3.43057351e-01 
-1.21500000e+00 -2.69377465e+01 -1.21500000e+00 -4.70827245e+00 -1.21500000e+00 -3.19787210e-01 -1.21500000e+00  1.78095199e+01 -1.21500000e+00  3.46427678e-01 
-1.22000000e+00 -2.75300875e+01 -1.22000000e+00 -4.64982544e+00 -1.22000000e+00 -3.18262212e-01 -1.22000000e+00  1.79605716e+01 -1.22000000e+00  3.49789014e-01 
-1.22500000e+00 -2.81274705e+01 -1.22500000e+00 -4.59257799e+00 -1.22500000e+00 -3.16792966e-01 -1.22500000e+00  1.81100099e+01 -1.22500000e+00  3.53141372e-01 
-1.23000000e+00 -2.87298340e+01 -1.23000000e+00 -4.53649552e+00 -1.23000000e+00 -3.15378111e-01 -1.23000000e+00  1.82578386e+01 -1.23000000e+00  3.56484772e-01 
-1.23500000e+00 -2.93371169e+01 -1.23500000e+00 -4.48154459e+00 -1.23500000e+00 -3.14016334e-01 -1.23500000e+00  1.84040612e+01 -1.23500000e+00  3.59819238e-01 
-1.24000000e+00 -2.99492583e+01 -1.24000000e+00 -4.42769281e+00 -1.24000000e+00 -3.12706372e-01 -1.24000000e+00  1.85486808e+01 -1.24000000e+00  3.63144800e-01 
-1.24500000e+00 -3.05661974e+01 -1.24500000e+00 -4.37490883e+00 -1.24500000e+00 -3.11447009e-01 -1.24500000e+00  1.86917002e+01 -1.24500000e+00  3.66461490e-01 
-1.25000000e+00 -3.11878737e+01 -1.25000000e+00 -4.32316235e+00 -1.25000000e+00 -3.10237071e-01 -1.25000000e+00  1.88331219e+01 -1.25000000e+00  3.69769345e-01 
-1.25500000e+00 -3.18142271e+01 -1.25500000e+00 -4.27242401e+00 -1.25500000e+00 -3.09075433e-01 -1.25500000e+00  1.89729481e+01 -1.25500000e+00  3.73068407e-01 
-1.26000000e+00 -3.24451972e+01 -1.26000000e+00 -4.22266544e+00 -1.26000000e+00 -3.07961009e-01 -1.26000000e+00  1.91111807e+01 -1.26000000e+00  3.76358718e-01 
-1.26500000e+00 -3.30807244e+01 -1.26500000e+00 -4.17385917e+00 -1.26500000e+00 -3.06892755e-01 -1.26500000e+00  1.92478213e+01 -1.26500000e+00  3.79640327e-01 
-1.27000000e+00 -3.37207489e+01 -1.27000000e+00 -4.12597864e+00 -1.27000000e+00 -3.05869669e-01 -1.27000000e+00  1.93828711e+01 -1.27000000e+00  3.82913283e-01 
-1.27500000e+00 -3.43652111e+01 -1.27500000e+00 -4.07899814e+00 -1.27500000e+00 -3.04890786e-01 -1.27500000e+00  1.95163313e+01 -1.27500000e+00  3.86177640e-01 
-1.28000000e+00 -3.50140518e+01 -1.28000000e+00 -4.03289283e+00 -1.28000000e+00 -3.03955179e-01 -1.28000000e+00  1.96482027e+01 -1.28000000e+00  3.89433452e-01 
-1.28500000e+00 -3.56672117e+01 -1.28500000e+00 -3.98763865e+00 -1.28500000e+00 -3.03061959e-01 -1.28500000e+00  1.97784860e+01 -1.28500000e+00  3.92680777e-01 
-1.29000000e+00 -3.63246320e+01 -1.29000000e+00 -3.94321233e+00 -1.29000000e+00 -3.02210270e-01 -1.29000000e+00  1.99071816e+01 -1.29000000e+00  3.95919675e-01 
-1.29500000e+00 -3.69862537e+01 -1.29500000e+00 -3.89959136e+00 -1.29500000e+00 -3.01399293e-01 -1.29500000e+00  2.00342897e+01 -1.29500000e+00  3.99150209e-01 
-1.30000000e+00 -3.76520182e+01 -1.30000000e+00 -3.85675397e+00 -1.30000000e+00 -3.00628240e-01 -1.30000000e+00  2.01598103e+01 -1.30000000e+00  4.02372441e-01 
-1.30500000e+00 -3.83218670e+01 -1.30500000e+00 -3.81467909e+00 -1.30500000e+00 -2.99896357e-01 -1.30500000e+00  2.02837434e+01 -1.30500000e+00  4.05586437e-01 
-1.31000000e+00 -3.89957417e+01 -1.31000000e+00 -3.77334633e+00 -1.31000000e+00 -2.99202918e-01 -1.31000000e+00  2.04060887e+01 -1.31000000e+00  4.08792265e-01 
-1.31500000e+00 -3.96735841e+01 -1.31500000e+00 -3.73273596e+00 -1.31500000e+00 -2.98547232e-01 -1.31500000e+00  2.05268457e+01 -1.31500000e+00  4.11989992e-01 
-1.32000000e+00 -4.03553361e+01 -1.32000000e+00 -3.69282889e+00 -1.32000000e+00 -2.97928634e-01 -1.32000000e+00  2.06460140e+01 -1.32000000e+00  4.15179690e-01 
-1.32500000e+00 -4.10409398e+01 -1.32500000e+00 -3.65360663e+00 -1.32500000e+00 -2.97346488e-01 -1.32500000e+00  2.07635929e+01 -1.32500000e+00  4.18361428e-01 
-1.33000000e+00 -4.17303373e+01 -1.33000000e+00 -3.61505131e+00 -1.33000000e+00 -2.96800185e-01 -1.33000000e+00  2.08795816e+01 -1.33000000e+00  4.21535280e-01 
-1.33500000e+00 -4.24234710e+01 -1.33500000e+00 -3.57714560e+00 -1.33500000e+00 -2.96289145e-01 -1.33500000e+00  2.09939793e+01 -1.33500000e+00  4.24701319e-01 
-1.34000000e+00 -4.31202834e+01 -1.34000000e+00 -3.53987274e+00 -1.34000000e+00 -2.95812812e-01 -1.34000000e+00  2.11067849e+01 -1.34000000e+00  4.27859619e-01 
-1.34500000e+00 -4.38207169e+01 -1.34500000e+00 -3.50321649e+00 -1.34500000e+00 -2.95370655e-01 -1.34500000e+00  2.12179976e+01 -1.34500000e+00  4.31010255e-01 
-1.35000000e+00 -4.45247143e+01 -1.35000000e+00 -3.46716114e+00 -1.35000000e+00 -2.94962169e-01 -1.35000000e+00  2.13276161e+01 -1.35000000e+00  4.34153305e-01 
-1.35500000e+00 -4.52322184e+01 -1.35500000e+00 -3.43169146e+00 -1.35500000e+00 -2.94586871e-01 -1.35500000e+00  2.14356392e+01 -1.35500000e+00  4.37288845e-01 
-1.36000000e+00 -4.59431721e+01 -1.36000000e+00 -3.39679269e+00 -1.36000000e+00 -2.94244303e-01 -1.36000000e+00  2.15420659e+01 -1.36000000e+00  4.40416952e-01 
-1.36500000e+00 -4.66575183e+01 -1.36500000e+00 -3.36245056e+00 -1.36500000e+00 -2.93934028e-01 -1.36500000e+00  2.16468947e+01 -1.36500000e+00  4.43537705e-01 
-1.37000000e+00 -4.73752004e+01 -1.37000000e+00 -3.32865121e+00 -1.37000000e+00 -2.93655631e-01 -1.37000000e+00  2.17501243e+01 -1.37000000e+00  4.46651183e-01 
-1.37500000e+00 -4.80961613e+01 -1.37500000e+00 -3.29538123e+00 -1.37500000e+00 -2.93408718e-01 -1.37500000e+00  2.18517534e+01 -1.37500000e+00  4.49757466e-01 
-1.38000000e+00 -4.88203446e+01 -1.38000000e+00 -3.26262761e+00 -1.38000000e+00 -2.93192918e-01 -1.38000000e+00  2.19517807e+01 -1.38000000e+00  4.52856633e-01 
-1.38500000e+00 -4.95476936e+01 -1.38500000e+00 -3.23037775e+00 -1.38500000e+00 -2.93007876e-01 -1.38500000e+00  2.20502046e+01 -1.38500000e+00  4.55948764e-01 
-1.39000000e+00 -5.02781519e+01 -1.39000000e+00 -3.19861941e+00 -1.39000000e+00 -2.92853261e-01 -1.39000000e+00  2.21470237e+01 -1.39000000e+00  4.59033941e-01 
-1.39500000e+00 -5.10116631e+01 -1.39500000e+00 -3.16734076e+00 -1.39500000e+00 -2.92728759e-01 -1.39500000e+00  2.22422366e+01 -1.39500000e+00  4.62112245e-01 
-1.40000000e+00 -5.17481708e+01 -1.40000000e+00 -3.13653029e+00 -1.40000000e+00 -2.92634074e-01 -1.40000000e+00  2.23358417e+01 -1.40000000e+00  4.65183757e-01 
-1.40500000e+00 -5.24876190e+01 -1.40500000e+00 -3.10617686e+00 -1.40500000e+00 -2.92568930e-01 -1.40500000e+00  2.24278376e+01 -1.40500000e+00  4.68248558e-01 
-1.41000000e+00 -5.32299515e+01 -1.41000000e+00 -3.07626963e+00 -1.41000000e+00 -2.92533069e-01 -1.41000000e+00  2.25182228e+01 -1.41000000e+00  4.71306732e-01 
-1.41500000e+00 -5.39751123e+01 -1.41500000e+00 -3.04679812e+00 -1.41500000e+00 -2.92526249e-01 -1.41500000e+00  2.26069958e+01 -1.41500000e+00  4.74358359e-01 
-1.42000000e+00 -5.47230454e+01 -1.42000000e+00 -3.01775214e+00 -1.42000000e+00 -2.92548245e-01 -1.42000000e+00  2.26941549e+01 -1.42000000e+00  4.77403523e-01 
-1.42500000e+00 -5.54736949e+01 -1.42500000e+00 -2.98912179e+00 -1.42500000e+00 -2.92598851e-01 -1.42500000e+00  2.27796988e+01 -1.42500000e+00  4.80442306e-01 
-1.43000000e+00 -5.62270052e+01 -1.43000000e+00 -2.96089747e+00 -1.43000000e+00 -2.92677877e-01 -1.43000000e+00  2.28636259e+01 -1.43000000e+00  4.83474791e-01 
-1.43500000e+00 -5.69829205e+01 -1.43500000e+00 -2.93306986e+00 -1.43500000e+00 -2.92785146e-01 -1.43500000e+00  2.29459346e+01 -1.43500000e+00  4.86501060e-01 
-1.44000000e+00 -5.77413851e+01 -1.44000000e+00 -2.90562990e+00 -1.44000000e+00 -2.92920502e-01 -1.44000000e+00  2.30266235e+01 -1.44000000e+00  4.89521196e-01 
-1.44500000e+00 -5.85023436e+01 -1.44500000e+00 -2.87856879e+00 -1.44500000e+00 -2.93083800e-01 -1.44500000e+00  2.31056910e+01 -1.44500000e+00  4.92535282e-01 
-1.45000000e+00 -5.92657403e+01 -1.45000000e+00 -2.85187798e+00 -1.45000000e+00 -2.93274914e-01 -1.45000000e+00  2.31831356e+01 -1.45000000e+00  4.95543402e-01 
-1.45500000e+00 -6.00315200e+01 -1.45500000e+00 -2.82554916e+00 -1.45500000e+00 -2.93493731e-01 -1.45500000e+00  2.32589558e+01 -1.45500000e+00  4.98545638e-01 
-1.46000000e+00 -6.07996272e+01 -1.46000000e+00 -2.79957426e+00 -1.46000000e+00 -2.93740153e-01 -1.46000000e+00  2.33331500e+01 -1.46000000e+00  5.01542073e-01 
-1.46500000e+00 -6.15700067e+01 -1.46500000e+00 -2.77394542e+00 -1.46500000e+00 -2.94014098e-01 -1.46500000e+00  2.34057168e+01 -1.46500000e+00  5.04532790e-01 
-1.47000000e+00 -6.23426033e+01 -1.47000000e+00 -2.74865502e+00 -1.47000000e+00 -2.94315498e-01 -1.47000000e+00  2.34766545e+01 -1.47000000e+00  5.07517873e-01 
-1.47500000e+00 -6.31173617e+01 -1.47500000e+00 -2.72369563e+00 -1.47500000e+00 -2.94644299e-01 -1.47500000e+00  2.35459618e+01 -1.47500000e+00  5.10497403e-01 
-1.48000000e+00 -6.38942269e+01 -1.48000000e+00 -2.69906002e+00 -1.48000000e+00 -2.95000462e-01 -1.48000000e+00  2.36136370e+01 -1.48000000e+00  5.13471464e-01 
-1.48500000e+00 -6.46731438e+01 -1.48500000e+00 -2.67474118e+00 -1.48500000e+00 -2.95383962e-01 -1.48500000e+00  2.36796787e+01 -1.48500000e+00  5.16440139e-01 
-1.49000000e+00 -6.54540574e+01 -1.49000000e+00 -2.65073225e+00 -1.49000000e+00 -2.95794788e-01 -1.49000000e+00  2.37440852e+01 -1.49000000e+00  5.19403511e-01 
-1.49500000e+00 -6.62369127e+01 -1.49500000e+00 -2.62702659e+00 -1.49500000e+00 -2.96232942e-01 -1.49500000e+00  2.38068551e+01 -1.49500000e+00  5.22361661e-01 
-1.50000000e+00 -6.70216549e+01 -1.50000000e+00 -2.60361771e+00 -1.50000000e+00 -2.96698442e-01 -1.50000000e+00  2.38679868e+01 -1.50000000e+00  5.25314673e-01 
-1.50500000e+00 -6.78082291e+01 -1.50500000e+00 -2.58049930e+00 -1.50500000e+00 -2.97191318e-01 -1.50500000e+00  2.39274787e+01 -1.50500000e+00  5.28262628e-01 
-1.51000000e+00 -6.85965805e+01 -1.51000000e+00 -2.55766522e+00 -1.51000000e+00 -2.97711614e-01 -1.51000000e+00  2.39853293e+01 -1.51000000e+00  5.31205610e-01 
-1.51500000e+00 -6.93866543e+01 -1.51500000e+00 -2.53510948e+00 -1.51500000e+00 -2.98259388e-01 -1.51500000e+00  2.40415368e+01 -1.51500000e+00  5.34143700e-01 
-1.52000000e+00 -7.01783957e+01 -1.52000000e+00 -2.51282625e+00 -1.52000000e+00 -2.98834711e-01 -1.52000000e+00  2.40960999e+01 -1.52000000e+00  5.37076980e-01 
-1.52500000e+00 -7.09717500e+01 -1.52500000e+00 -2.49080984e+00 -1.52500000e+00 -2.99437670e-01 -1.52500000e+00  2.41490166e+01 -1.52500000e+00  5.40005532e-01 
-1.53000000e+00 -7.17666626e+01 -1.53000000e+00 -2.46905470e+00 -1.53000000e+00 -3.00068362e-01 -1.53000000e+00  2.42002855e+01 -1.53000000e+00  5.42929438e-01 
-1.53500000e+00 -7.25630789e+01 -1.53500000e+00 -2.44755544e+00 -1.53500000e+00 -3.00726900e-01 -1.53500000e+00  2.42499048e+01 -1.53500000e+00  5.45848779e-01 
-1.54000000e+00 -7.33609441e+01 -1.54000000e+00 -2.42630678e+00 -1.54000000e+00 -3.01413410e-01 -1.54000000e+00  2.42978727e+01 -1.54000000e+00  5.48763637e-01 
-1.54500000e+00 -7.41602037e+01 -1.54500000e+00 -2.40530358e+00 -1.54500000e+00 -3.02128031e-01 -1.54500000e+00  2.43441876e+01 -1.54500000e+00  5.51674092e-01 
-1.55000000e+00 -7.49608031e+01 -1.55000000e+00 -2.38454083e+00 -1.55000000e+00 -3.02870918e-01 -1.55000000e+00  2.43888475e+01 -1.55000000e+00  5.54580226e-01 
-1.55500000e+00 -7.57626878e+01 -1.55500000e+00 -2.36401363e+00 -1.55500000e+00 -3.03642236e-01 -1.55500000e+00  2.44318507e+01 -1.55500000e+00  5.57482119e-01 
-1.56000000e+00 -7.65658031e+01 -1.56000000e+00 -2.34371720e+00 -1.56000000e+00 -3.04442167e-01 -1.56000000e+00  2.44731952e+01 -1.56000000e+00  5.60379852e-01 
-1.56500000e+00 -7.73700945e+01 -1.56500000e+00 -2.32364689e+00 -1.56500000e+00 -3.05270905e-01 -1.56500000e+00  2.45128791e+01 -1.56500000e+00  5.63273506e-01 
-1.57000000e+00 -7.81755075e+01 -1.57000000e+00 -2.30379813e+00 -1.57000000e+00 -3.06128659e-01 -1.57000000e+00  2.45509004e+01 -1.57000000e+00  5.66163160e-01 
-1.57500000e+00 -7.89819875e+01 -1.57500000e+00 -2.28416648e+00 -1.57500000e+00 -3.07015650e-01 -1.57500000e+00  2.45872570e+01 -1.57500000e+00  5.69048894e-01 
-1.58000000e+00 -7.97894800e+01 -1.58000000e+00 -2.26474759e+00 -1.58000000e+00 -3.07932115e-01 -1.58000000e+00  2.46219468e+01 -1.58000000e+00  5.71930788e-01 
-1.58500000e+00 -8.05979304e+01 -1.58500000e+00 -2.24553721e+00 -1.58500000e+00 -3.08878305e-01 -1.58500000e+00  2.46549677e+01 -1.58500000e+00  5.74808923e-01 
-1.59000000e+00 -8.14072842e+01 -1.59000000e+00 -2.22653119e+00 -1.59000000e+00 -3.09854483e-01 -1.59000000e+00  2.46863172e+01 -1.59000000e+00  5.77683376e-01 
-1.59500000e+00 -8.22174866e+01 -1.59500000e+00 -2.20772548e+00 -1.59500000e+00 -3.10860929e-01 -1.59500000e+00  2.47159932e+01 -1.59500000e+00  5.80554227e-01 
-1.60000000e+00 -8.30284832e+01 -1.60000000e+00 -2.18911610e+00 -1.60000000e+00 -3.11897934e-01 -1.60000000e+00  2.47439931e+01 -1.60000000e+00  5.83421556e-01 
-1.60500000e+00 -8.38402193e+01 -1.60500000e+00 -2.17069917e+00 -1.60500000e+00 -3.12965808e-01 -1.60500000e+00  2.47703146e+01 -1.60500000e+00  5.86285439e-01 
-1.61000000e+00 -8.46526402e+01 -1.61000000e+00 -2.15247090e+00 -1.61000000e+00 -3.14064871e-01 -1.61000000e+00  2.47949549e+01 -1.61000000e+00  5.89145957e-01 
-1.61500000e+00 -8.54656913e+01 -1.61500000e+00 -2.13442758e+00 -1.61500000e+00 -3.15195459e-01 -1.61500000e+00  2.48179116e+01 -1.61500000e+00  5.92003187e-01 
-1.62000000e+00 -8.62793177e+01 -1.62000000e+00 -2.11656555e+00 -1.62000000e+00 -3.16357924e-01 -1.62000000e+00  2.48391817e+01 -1.62000000e+00  5.94857207e-01 
-1.62500000e+00 -8.70934647e+01 -1.62500000e+00 -2.09888127e+00 -1.62500000e+00 -3.17552631e-01 -1.62500000e+00  2.48587624e+01 -1.62500000e+00  5.97708095e-01 
-1.63000000e+00 -8.79080775e+01 -1.63000000e+00 -2.08137125e+00 -1.63000000e+00 -3.18779960e-01 -1.63000000e+00  2.48766508e+01 -1.63000000e+00  6.00555928e-01 
-1.63500000e+00 -8.87231012e+01 -1.63500000e+00 -2.06403207e+00 -1.63500000e+00 -3.20040306e-01 -1.63500000e+00  2.48928438e+01 -1.63500000e+00  6.03400783e-01 
-1.64000000e+00 -8.95384808e+01 -1.64000000e+00 -2.04686040e+00 -1.64000000e+00 -3.21334079e-01 -1.64000000e+00  2.49073383e+01 -1.64000000e+00  6.06242738e-01 
-1.64500000e+00 -9.03541613e+01 -1.64500000e+00 -2.02985295e+00 -1.64500000e+00 -3.22661702e-01 -1.64500000e+00  2.49201309e+01 -1.64500000e+00  6.09081869e-01 
-1.65000000e+00 -9.11700876e+01 -1.65000000e+00 -2.01300651e+00 -1.65000000e+00 -3.24023616e-01 -1.65000000e+00  2.49312184e+01 -1.65000000e+00  6.11918253e-01 
-1.65500000e+00 -9.19862047e+01 -1.65500000e+00 -1.99631795e+00 -1.65500000e+00 -3.25420273e-01 -1.65500000e+00  2.49405971e+01 -1.65500000e+00  6.14751965e-01 
-1.66000000e+00 -9.28024571e+01 -1.66000000e+00 -1.97978416e+00 -1.66000000e+00 -3.26852143e-01 -1.66000000e+00  2.49482636e+01 -1.66000000e+00  6.17583082e-01 
-1.66500000e+00 -9.36187898e+01 -1.66500000e+00 -1.96340214e+00 -1.66500000e+00 -3.28319708e-01 -1.66500000e+00  2.49542141e+01 -1.66500000e+00  6.20411680e-01 
-1.67000000e+00 -9.44351471e+01 -1.67000000e+00 -1.94716892e+00 -1.67000000e+00 -3.29823464e-01 -1.67000000e+00  2.49584448e+01 -1.67000000e+00  6.23237834e-01 
-1.67500000e+00 -9.52514737e+01 -1.67500000e+00 -1.93108158e+00 -1.67500000e+00 -3.31363924e-01 -1.67500000e+00  2.49609517e+01 -1.67500000e+00  6.26061620e-01 
-1.68000000e+00 -9.60677139e+01 -1.68000000e+00 -1.91513728e+00 -1.68000000e+00 -3.32941611e-01 -1.68000000e+00  2.49617309e+01 -1.68000000e+00  6.28883112e-01 
-1.68500000e+00 -9.68838120e+01 -1.68500000e+00 -1.89933322e+00 -1.68500000e+00 -3.34557066e-01 -1.68500000e+00  2.49607780e+01 -1.68500000e+00  6.31702384e-01 
-1.69000000e+00 -9.76997122e+01 -1.69000000e+00 -1.88366665e+00 -1.69000000e+00 -3.36210839e-01 -1.69000000e+00  2.49580890e+01 -1.69000000e+00  6.34519513e-01 
-1.69500000e+00 -9.85153586e+01 -1.69500000e+00 -1.86813488e+00 -1.69500000e+00 -3.37903494e-01 -1.69500000e+00  2.49536595e+01 -1.69500000e+00  6.37334572e-01 
-1.70000000e+00 -9.93306952e+01 -1.70000000e+00 -1.85273527e+00 -1.70000000e+00 -3.39635610e-01 -1.70000000e+00  2.49474849e+01 -1.70000000e+00  6.40147634e-01 
-1.70500000e+00 -1.00145666e+02 -1.70500000e+00 -1.83746524e+00 -1.70500000e+00 -3.41407773e-01 -1.70500000e+00  2.49395607e+01 -1.70500000e+00  6.42958775e-01 
-1.71000000e+00 -1.00960214e+02 -1.71000000e+00 -1.82232223e+00 -1.71000000e+00 -3.43220583e-01 -1.71000000e+00  2.49298824e+01 -1.71000000e+00  6.45768066e-01 
-1.71500000e+00 -1.01774283e+02 -1.71500000e+00 -1.80730376e+00 -1.71500000e+00 -3.45074650e-01 -1.71500000e+00  2.49184452e+01 -1.71500000e+00  6.48575583e-01 
-1.72000000e+00 -1.02587818e+02 -1.72000000e+00 -1.79240738e+00 -1.72000000e+00 -3.46970591e-01 -1.72000000e+00  2.49052444e+01 -1.72000000e+00  6.51381396e-01 
-1.72500000e+00 -1.03400760e+02 -1.72500000e+00 -1.77763069e+00 -1.72500000e+00 -3.48909035e-01 -1.72500000e+00  2.48902752e+01 -1.72500000e+00  6.54185581e-01 
-1.73000000e+00 -1.04213053e+02 -1.73000000e+00 -1.76297135e+00 -1.73000000e+00 -3.50890613e-01 -1.73000000e+00  2.48735327e+01 -1.73000000e+00  6.56988208e-01 
-1.73500000e+00 -1.05024641e+02 -1.73500000e+00 -1.74842704e+00 -1.73500000e+00 -3.52915965e-01 -1.73500000e+00  2.48550120e+01 -1.73500000e+00  6.59789351e-01 
-1.74000000e+00 -1.05835466e+02 -1.74000000e+00 -1.73399552e+00 -1.74000000e+00 -3.54985736e-01 -1.74000000e+00  2.48347084e+01 -1.74000000e+00  6.62589081e-01 
-1.74500000e+00 -1.06645471e+02 -1.74500000e+00 -1.71967457e+00 -1.74500000e+00 -3.57100571e-01 -1.74500000e+00  2.48126169e+01 -1.74500000e+00  6.65387470e-01 
-1.75000000e+00 -1.07454598e+02 -1.75000000e+00 -1.70546202e+00 -1.75000000e+00 -3.59261117e-01 -1.75000000e+00  2.47887328e+01 -1.75000000e+00  6.68184589e-01 
-1.75500000e+00 -1.08262790e+02 -1.75500000e+00 -1.69135577e+00 -1.75500000e+00 -3.61468020e-01 -1.75500000e+00  2.47630513e+01 -1.75500000e+00  6.70980511e-01 
-1.76000000e+00 -1.09069990e+02 -1.76000000e+00 -1.67735374e+00 -1.76000000e+00 -3.63721922e-01 -1.76000000e+00  2.47355678e+01 -1.76000000e+00  6.73775305e-01 
-1.76500000e+00 -1.09876140e+02 -1.76500000e+00 -1.66345391e+00 -1.76500000e+00 -3.66023460e-01 -1.76500000e+00  2.47062777e+01 -1.76500000e+00  6.76569044e-01 
-1.77000000e+00 -1.10681181e+02 -1.77000000e+00 -1.64965431e+00 -1.77000000e+00 -3.68373262e-01 -1.77000000e+00  2.46751768e+01 -1.77000000e+00  6.79361796e-01 
-1.77500000e+00 -1.11485056e+02 -1.77500000e+00 -1.63595301e+00 -1.77500000e+00 -3.70771946e-01 -1.77500000e+00  2.46422608e+01 -1.77500000e+00  6.82153633e-01 
-1.78000000e+00 -1.12287707e+02 -1.78000000e+00 -1.62234815e+00 -1.78000000e+00 -3.73220115e-01 -1.78000000e+00  2.46075258e+01 -1.78000000e+00  6.84944625e-01 
-1.78500000e+00 -1.13089076e+02 -1.78500000e+00 -1.60883791e+00 -1.78500000e+00 -3.75718355e-01 -1.78500000e+00  2.45709682e+01 -1.78500000e+00  6.87734841e-01 
-1.79000000e+00 -1.13889103e+02 -1.79000000e+00 -1.59542050e+00 -1.79000000e+00 -3.78267231e-01 -1.79000000e+00  2.45325846e+01 -1.79000000e+00  6.90524350e-01 
-1.79500000e+00 -1.14687731e+02 -1.79500000e+00 -1.58209422e+00 -1.79500000e+00 -3.80867283e-01 -1.79500000e+00  2.44923721e+01 -1.79500000e+00  6.93313223e-01 
-1.80000000e+00 -1.15484902e+02 -1.80000000e+00 -1.56885742e+00 -1.80000000e+00 -3.83519025e-01 -1.80000000e+00  2.44503281e+01 -1.80000000e+00  6.96101527e-01 
