 0.00000000e+00 -9.05929477e-08  0.00000000e+00 -5.48908766e-04  0.00000000e+00 -2.94086127e-06  0.00000000e+00  5.38805515e-12  0.00000000e+00  4.37534791e-02 
-5.00000000e-03 -9.05930605e-08 -5.00000000e-03 -6.38944566e-04 -5.00000000e-03 -3.42324280e-06 -5.00000000e-03  6.32489403e-12 -5.00000000e-03  4.37534791e-02 
-1.00000000e-02 -9.05932317e-08 -1.00000000e-02 -7.43748016e-04 -1.00000000e-02 -3.98474474e-06 -1.00000000e-02  7.42368965e-12 -1.00000000e-02  4.37534791e-02 
-1.50000000e-02 -9.05934672e-08 -1.50000000e-02 -8.65741122e-04 -1.50000000e-02 -4.63834351e-06 -1.50000000e-02  8.71230059e-12 -1.50000000e-02  4.37534791e-02 
-2.00000000e-02 -9.05937745e-08 -2.00000000e-02 -1.00774306e-03 -2.00000000e-02 -5.39914348e-06 -2.00000000e-02  1.02233566e-11 -2.00000000e-02  4.37534791e-02 
-2.50000000e-02 -9.05941622e-08 -2.50000000e-02 -1.17303530e-03 -2.50000000e-02 -6.28472584e-06 -2.50000000e-02  1.19950729e-11 -2.50000000e-02  4.37534791e-02 
-3.00000000e-02 -9.05946410e-08 -3.00000000e-02 -1.36543734e-03 -3.00000000e-02 -7.31555458e-06 -3.00000000e-02  1.40722020e-11 -3.00000000e-02  4.37534791e-02 
-3.50000000e-02 -9.05952232e-08 -3.50000000e-02 -1.58939498e-03 -3.50000000e-02 -8.51544903e-06 -3.50000000e-02  1.65071490e-11 -3.50000000e-02  4.37534791e-02 
-4.00000000e-02 -9.05959234e-08 -4.00000000e-02 -1.85008286e-03 -4.00000000e-02 -9.91213375e-06 -4.00000000e-02  1.93612741e-11 -4.00000000e-02  4.37534791e-02 
-4.50000000e-02 -9.05967588e-08 -4.50000000e-02 -2.15352396e-03 -4.50000000e-02 -1.15378785e-05 -4.50000000e-02  2.27064184e-11 -4.50000000e-02  4.37534791e-02 
-5.00000000e-02 -9.05977498e-08 -5.00000000e-02 -2.50672860e-03 -5.00000000e-02 -1.34302429e-05 -5.00000000e-02  2.66266874e-11 -5.00000000e-02  4.37534791e-02 
-5.50000000e-02 -9.05989200e-08 -5.50000000e-02 -2.91785613e-03 -5.50000000e-02 -1.56329432e-05 -5.50000000e-02  3.12205373e-11 -5.50000000e-02  4.37534791e-02 
-6.00000000e-02 -9.06002972e-08 -6.00000000e-02 -3.39640314e-03 -6.00000000e-02 -1.81968602e-05 -6.00000000e-02  3.66032150e-11 -6.00000000e-02  4.37534791e-02 
-6.50000000e-02 -9.06019137e-08 -6.50000000e-02 -3.95342245e-03 -6.50000000e-02 -2.11812129e-05 -6.50000000e-02  4.29096126e-11 -6.50000000e-02  4.37534791e-02 
-7.00000000e-02 -9.06038077e-08 -7.00000000e-02 -4.60177781e-03 -7.00000000e-02 -2.46549231e-05 -7.00000000e-02  5.02976037e-11 -7.00000000e-02  4.37534791e-02 
-7.50000000e-02 -9.06060232e-08 -7.50000000e-02 -5.35644028e-03 -7.50000000e-02 -2.86982035e-05 -7.50000000e-02  5.89519467e-11 -7.50000000e-02  4.37534791e-02 
-8.00000000e-02 -9.06086119e-08 -8.00000000e-02 -6.23483294e-03 -8.00000000e-02 -3.34044048e-05 -8.00000000e-02  6.90888473e-11 -8.00000000e-02  4.37534791e-02 
-8.50000000e-02 -9.06116340e-08 -8.50000000e-02 -7.25723184e-03 -8.50000000e-02 -3.88821637e-05 -8.50000000e-02  8.09612935e-11 -8.50000000e-02  4.37534791e-02 
-9.00000000e-02 -9.06151596e-08 -9.00000000e-02 -8.44723227e-03 -9.00000000e-02 -4.52579015e-05 -9.00000000e-02  9.48652934e-11 -9.00000000e-02  4.37534791e-02 
-9.50000000e-02 -9.06192705e-08 -9.50000000e-02 -9.83229092e-03 -9.50000000e-02 -5.26787293e-05 -9.50000000e-02  1.11147166e-10 -9.50000000e-02  4.37534791e-02 
-1.00000000e-01 -9.06240618e-08 -1.00000000e-01 -1.14443562e-02 -1.00000000e-01 -6.13158252e-05 -1.00000000e-01  1.30212067e-10 -1.00000000e-01  4.37534791e-02 
-1.05000000e-01 -9.06296446e-08 -1.05000000e-01 -1.33206008e-02 -1.05000000e-01 -7.13683597e-05 -1.05000000e-01  1.52533950e-10 -1.05000000e-01  4.37534791e-02 
-1.10000000e-01 -9.06361480e-08 -1.10000000e-01 -1.55042731e-02 -1.10000000e-01 -8.30680581e-05 -1.10000000e-01  1.78667211e-10 -1.10000000e-01  4.37534791e-02 
-1.15000000e-01 -9.06437224e-08 -1.15000000e-01 -1.80456863e-02 -1.15000000e-01 -9.66845000e-05 -1.15000000e-01  2.09260306e-10 -1.15000000e-01  4.37534791e-02 
-1.20000000e-01 -9.06525429e-08 -1.20000000e-01 -2.10033669e-02 -1.20000000e-01 -1.12531275e-04 -1.20000000e-01  2.45071647e-10 -1.20000000e-01  4.37534791e-02 
-1.25000000e-01 -9.06628135e-08 -1.25000000e-01 -2.44453882e-02 -1.25000000e-01 -1.30973126e-04 -1.25000000e-01  2.86988199e-10 -1.25000000e-01  4.37534791e-02 
-1.30000000e-01 -9.06747717e-08 -1.30000000e-01 -2.84509180e-02 -1.30000000e-01 -1.52434247e-04 -1.30000000e-01  3.36047194e-10 -1.30000000e-01  4.37534791e-02 
-1.35000000e-01 -9.06886937e-08 -1.35000000e-01 -3.31120135e-02 -1.35000000e-01 -1.77407897e-04 -1.35000000e-01  3.93461514e-10 -1.35000000e-01  4.37534792e-02 
-1.40000000e-01 -9.07049013e-08 -1.40000000e-01 -3.85357016e-02 -1.40000000e-01 -2.06467549e-04 -1.40000000e-01  4.60649339e-10 -1.40000000e-01  4.37534792e-02 
-1.45000000e-01 -9.07237691e-08 -1.45000000e-01 -4.48463891e-02 -1.45000000e-01 -2.40279810e-04 -1.45000000e-01  5.39268788e-10 -1.45000000e-01  4.37534792e-02 
-1.50000000e-01 -9.07457330e-08 -1.50000000e-01 -5.21886525e-02 -1.50000000e-01 -2.79619369e-04 -1.50000000e-01  6.31258388e-10 -1.50000000e-01  4.37534792e-02 
-1.55000000e-01 -9.07713006e-08 -1.55000000e-01 -6.07304640e-02 -1.55000000e-01 -3.25386285e-04 -1.55000000e-01  7.38884337e-10 -1.55000000e-01  4.37534792e-02 
-1.60000000e-01 -9.08010626e-08 -1.60000000e-01 -7.06669175e-02 -1.60000000e-01 -3.78625958e-04 -1.60000000e-01  8.64795719e-10 -1.60000000e-01  4.37534792e-02 
-1.65000000e-01 -9.08357066e-08 -1.65000000e-01 -8.22245275e-02 -1.65000000e-01 -4.40552168e-04 -1.65000000e-01  1.01208899e-09 -1.65000000e-01  4.37534792e-02 
-1.70000000e-01 -9.08760330e-08 -1.70000000e-01 -9.56661811e-02 -1.70000000e-01 -5.12573616e-04 -1.70000000e-01  1.18438325e-09 -1.70000000e-01  4.37534792e-02 
-1.75000000e-01 -9.09229734e-08 -1.75000000e-01 -1.11296832e-01 -1.75000000e-01 -5.96324444e-04 -1.75000000e-01  1.38590824e-09 -1.75000000e-01  4.37534792e-02 
-1.80000000e-01 -9.09776122e-08 -1.80000000e-01 -1.29470032e-01 -1.80000000e-01 -6.93699250e-04 -1.80000000e-01  1.62160696e-09 -1.80000000e-01  4.37534792e-02 
-1.85000000e-01 -9.10412114e-08 -1.85000000e-01 -1.50595415e-01 -1.85000000e-01 -8.06893181e-04 -1.85000000e-01  1.89725556e-09 -1.85000000e-01  4.37534792e-02 
-1.90000000e-01 -9.11152402e-08 -1.90000000e-01 -1.75147223e-01 -1.90000000e-01 -9.38447679e-04 -1.90000000e-01  2.21960332e-09 -1.90000000e-01  4.37534792e-02 
-1.95000000e-01 -9.12014083e-08 -1.95000000e-01 -2.03674022e-01 -1.95000000e-01 -1.09130252e-03 -1.95000000e-01  2.59653598e-09 -1.95000000e-01  4.37534793e-02 
-2.00000000e-01 -9.13017058e-08 -2.00000000e-01 -2.36809692e-01 -2.00000000e-01 -1.26885477e-03 -2.00000000e-01  3.03726646e-09 -2.00000000e-01  4.37534793e-02 
-2.05000000e-01 -9.14184491e-08 -2.05000000e-01 -2.75285816e-01 -2.05000000e-01 -1.47502517e-03 -2.05000000e-01  3.55255743e-09 -2.05000000e-01  4.37534793e-02 
-2.10000000e-01 -9.15543340e-08 -2.10000000e-01 -3.19945561e-01 -2.10000000e-01 -1.71433262e-03 -2.10000000e-01  4.15498100e-09 -2.10000000e-01  4.37534793e-02 
-2.15000000e-01 -9.17124981e-08 -2.15000000e-01 -3.71759111e-01 -2.15000000e-01 -1.99197687e-03 -2.15000000e-01  4.85922183e-09 -2.15000000e-01  4.37534794e-02 
-2.20000000e-01 -9.18965933e-08 -2.20000000e-01 -4.31840671e-01 -2.20000000e-01 -2.31392977e-03 -2.20000000e-01  5.68243074e-09 -2.20000000e-01  4.37534794e-02 
-2.25000000e-01 -9.21108697e-08 -2.25000000e-01 -5.01467003e-01 -2.25000000e-01 -2.68703464e-03 -2.25000000e-01  6.64463724e-09 -2.25000000e-01  4.37534795e-02 
-2.30000000e-01 -9.23602738e-08 -2.30000000e-01 -5.82097327e-01 -2.30000000e-01 -3.11911307e-03 -2.30000000e-01  7.76923078e-09 -2.30000000e-01  4.37534795e-02 
-2.35000000e-01 -9.26505623e-08 -2.35000000e-01 -6.75394308e-01 -2.35000000e-01 -3.61907749e-03 -2.35000000e-01  9.08352203e-09 -2.35000000e-01  4.37534796e-02 
-2.40000000e-01 -9.29884349e-08 -2.40000000e-01 -7.83245652e-01 -2.40000000e-01 -4.19704711e-03 -2.40000000e-01  1.06193975e-08 -2.40000000e-01  4.37534797e-02 
-2.45000000e-01 -9.33816886e-08 -2.45000000e-01 -9.07785560e-01 -2.45000000e-01 -4.86446306e-03 -2.45000000e-01  1.24140827e-08 -2.45000000e-01  4.37534798e-02 
-2.50000000e-01 -9.38393973e-08 -2.50000000e-01 -1.05141499e+00 -2.50000000e-01 -5.63419726e-03 -2.50000000e-01  1.45110324e-08 -2.50000000e-01  4.37534799e-02 
-2.55000000e-01 -9.43721203e-08 -2.55000000e-01 -1.21681925e+00 -2.55000000e-01 -6.52064701e-03 -2.55000000e-01  1.69609677e-08 -2.55000000e-01  4.37534800e-02 
-2.60000000e-01 -9.49921462e-08 -2.60000000e-01 -1.40698093e+00 -2.60000000e-01 -7.53980469e-03 -2.60000000e-01  1.98230855e-08 -2.60000000e-01  4.37534801e-02 
-2.65000000e-01 -9.57137746e-08 -2.65000000e-01 -1.62518563e+00 -2.65000000e-01 -8.70928891e-03 -2.65000000e-01  2.31664675e-08 -2.65000000e-01  4.37534803e-02 
-2.70000000e-01 -9.65536456e-08 -2.70000000e-01 -1.87501723e+00 -2.70000000e-01 -1.00483197e-02 -2.70000000e-01  2.70717227e-08 -2.70000000e-01  4.37534805e-02 
-2.75000000e-01 -9.75311223e-08 -2.75000000e-01 -2.16033878e+00 -2.75000000e-01 -1.15776166e-02 -2.75000000e-01  3.16328996e-08 -2.75000000e-01  4.37534807e-02 
-2.80000000e-01 -9.86687356e-08 -2.80000000e-01 -2.48525449e+00 -2.80000000e-01 -1.33191961e-02 -2.80000000e-01  3.69597153e-08 -2.80000000e-01  4.37534810e-02 
-2.85000000e-01 -9.99927015e-08 -2.85000000e-01 -2.85404766e+00 -2.85000000e-01 -1.52960390e-02 -2.85000000e-01  4.31801497e-08 -2.85000000e-01  4.37534813e-02 
-2.90000000e-01 -1.01533524e-07 -2.90000000e-01 -3.27108939e+00 -2.90000000e-01 -1.75316028e-02 -2.90000000e-01  5.04434676e-08 -2.90000000e-01  4.37534816e-02 
-2.95000000e-01 -1.03326692e-07 -2.95000000e-01 -3.74071322e+00 -2.95000000e-01 -2.00491506e-02 -2.95000000e-01  5.89237353e-08 -2.95000000e-01  4.37534820e-02 
-3.00000000e-01 -1.05413499e-07 -3.00000000e-01 -4.26705201e+00 -3.00000000e-01 -2.28708773e-02 -3.00000000e-01  6.88239149e-08 -3.00000000e-01  4.37534825e-02 
-3.05000000e-01 -1.07841983e-07 -3.05000000e-01 -4.85383561e+00 -3.05000000e-01 -2.60168267e-02 -3.05000000e-01  8.03806268e-08 -3.05000000e-01  4.37534831e-02 
-3.10000000e-01 -1.10668030e-07 -3.10000000e-01 -5.50415159e+00 -3.10000000e-01 -2.95036095e-02 -3.10000000e-01  9.38696910e-08 -3.10000000e-01  4.37534837e-02 
-3.15000000e-01 -1.13956652e-07 -3.15000000e-01 -6.22017605e+00 -3.15000000e-01 -3.33429610e-02 -3.15000000e-01  1.09612572e-07 -3.15000000e-01  4.37534845e-02 
-3.20000000e-01 -1.17783476e-07 -3.20000000e-01 -7.00288790e+00 -3.20000000e-01 -3.75402101e-02 -3.20000000e-01  1.27983868e-07 -3.20000000e-01  4.37534853e-02 
-3.25000000e-01 -1.22236467e-07 -3.25000000e-01 -7.85178662e+00 -3.25000000e-01 -4.20927663e-02 -3.25000000e-01  1.49420026e-07 -3.25000000e-01  4.37534863e-02 
-3.30000000e-01 -1.27417940e-07 -3.30000000e-01 -8.76464019e+00 -3.30000000e-01 -4.69887676e-02 -3.30000000e-01  1.74429453e-07 -3.30000000e-01  4.37534875e-02 
-3.35000000e-01 -1.33446894e-07 -3.35000000e-01 -9.73729421e+00 -3.35000000e-01 -5.22060562e-02 -3.35000000e-01  2.03604277e-07 -3.35000000e-01  4.37534889e-02 
-3.40000000e-01 -1.40461718e-07 -3.40000000e-01 -1.07635747e+01 -3.40000000e-01 -5.77116555e-02 -3.40000000e-01  2.37633994e-07 -3.40000000e-01  4.37534905e-02 
-3.45000000e-01 -1.48623344e-07 -3.45000000e-01 -1.18353132e+01 -3.45000000e-01 -6.34619015e-02 -3.45000000e-01  2.77321310e-07 -3.45000000e-01  4.37534924e-02 
-3.50000000e-01 -1.58118903e-07 -3.50000000e-01 -1.29425125e+01 -3.50000000e-01 -6.94033301e-02 -3.50000000e-01  3.23600527e-07 -3.50000000e-01  4.37534945e-02 
-3.55000000e-01 -1.69165971e-07 -3.55000000e-01 -1.40736585e+01 -3.55000000e-01 -7.54743426e-02 -3.55000000e-01  3.77558866e-07 -3.55000000e-01  4.37534971e-02 
-3.60000000e-01 -1.82017502e-07 -3.60000000e-01 -1.52161618e+01 -3.60000000e-01 -8.16075733e-02 -3.60000000e-01  4.40461184e-07 -3.60000000e-01  4.37535000e-02 
-3.65000000e-01 -1.96967548e-07 -3.65000000e-01 -1.63568985e+01 -3.65000000e-01 -8.77327828e-02 -3.65000000e-01  5.13778619e-07 -3.65000000e-01  4.37535034e-02 
-3.70000000e-01 -2.14357905e-07 -3.70000000e-01 -1.74828002e+01 -3.70000000e-01 -9.37800216e-02 -3.70000000e-01  5.99221769e-07 -3.70000000e-01  4.37535074e-02 
-3.75000000e-01 -2.34585818e-07 -3.75000000e-01 -1.85814393e+01 -3.75000000e-01 -9.96827648e-02 -3.75000000e-01  6.98779093e-07 -3.75000000e-01  4.37535120e-02 
-3.80000000e-01 -2.58112921e-07 -3.80000000e-01 -1.96415531e+01 -3.80000000e-01 -1.05380724e-01 -3.80000000e-01  8.14761346e-07 -3.80000000e-01  4.37535173e-02 
-3.85000000e-01 -2.85475602e-07 -3.85000000e-01 -2.06534627e+01 -3.85000000e-01 -1.10822092e-01 -3.85000000e-01  9.49852952e-07 -3.85000000e-01  4.37535236e-02 
-3.90000000e-01 -3.17297025e-07 -3.90000000e-01 -2.16093565e+01 -3.90000000e-01 -1.15965064e-01 -3.90000000e-01  1.10717137e-06 -3.90000000e-01  4.37535308e-02 
-3.95000000e-01 -3.54301053e-07 -3.95000000e-01 -2.25034273e+01 -3.95000000e-01 -1.20778581e-01 -3.95000000e-01  1.29033562e-06 -3.95000000e-01  4.37535393e-02 
-4.00000000e-01 -3.97328388e-07 -4.00000000e-01 -2.33318719e+01 -4.00000000e-01 -1.25242323e-01 -4.00000000e-01  1.50354542e-06 -4.00000000e-01  4.37535491e-02 
-4.05000000e-01 -4.47355256e-07 -4.05000000e-01 -2.40927729e+01 -4.05000000e-01 -1.29346085e-01 -4.05000000e-01  1.75167233e-06 -4.05000000e-01  4.37535605e-02 
-4.10000000e-01 -5.05515041e-07 -4.10000000e-01 -2.47858930e+01 -4.10000000e-01 -1.33088673e-01 -4.10000000e-01  2.04036484e-06 -4.10000000e-01  4.37535738e-02 
-4.15000000e-01 -5.73123315e-07 -4.15000000e-01 -2.54124150e+01 -4.15000000e-01 -1.36476515e-01 -4.15000000e-01  2.37616923e-06 -4.15000000e-01  4.37535892e-02 
-4.20000000e-01 -6.51706794e-07 -4.20000000e-01 -2.59746562e+01 -4.20000000e-01 -1.39522134e-01 -4.20000000e-01  2.76666867e-06 -4.20000000e-01  4.37536071e-02 
-4.25000000e-01 -7.43036803e-07 -4.25000000e-01 -2.64757846e+01 -4.25000000e-01 -1.42242626e-01 -4.25000000e-01  3.22064284e-06 -4.25000000e-01  4.37536279e-02 
-4.30000000e-01 -8.49167948e-07 -4.30000000e-01 -2.69195545e+01 -4.30000000e-01 -1.44658245e-01 -4.30000000e-01  3.74825122e-06 -4.30000000e-01  4.37536522e-02 
-4.35000000e-01 -9.72482771e-07 -4.35000000e-01 -2.73100740e+01 -4.35000000e-01 -1.46791157e-01 -4.35000000e-01  4.36124308e-06 -4.35000000e-01  4.37536803e-02 
-4.40000000e-01 -1.11574328e-06 -4.40000000e-01 -2.76516095e+01 -4.40000000e-01 -1.48664396e-01 -4.40000000e-01  5.07319782e-06 -4.40000000e-01  4.37537130e-02 
-4.45000000e-01 -1.28215038e-06 -4.45000000e-01 -2.79484303e+01 -4.45000000e-01 -1.50301028e-01 -4.45000000e-01  5.89979977e-06 -4.45000000e-01  4.37537509e-02 
-4.50000000e-01 -1.47541235e-06 -4.50000000e-01 -2.82046899e+01 -4.50000000e-01 -1.51723516e-01 -4.50000000e-01  6.85915175e-06 -4.50000000e-01  4.37537950e-02 
-4.55000000e-01 -1.69982371e-06 -4.55000000e-01 -2.84243403e+01 -4.55000000e-01 -1.52953263e-01 -4.55000000e-01  7.97213245e-06 -4.55000000e-01  4.37538462e-02 
-4.60000000e-01 -1.96035595e-06 -4.60000000e-01 -2.86110753e+01 -4.60000000e-01 -1.54010306e-01 -4.60000000e-01  9.26280302e-06 -4.60000000e-01  4.37539056e-02 
-4.65000000e-01 -2.26276183e-06 -4.65000000e-01 -2.87682955e+01 -4.65000000e-01 -1.54913128e-01 -4.65000000e-01  1.07588688e-05 -4.65000000e-01  4.37539746e-02 
-4.70000000e-01 -2.61369515e-06 -4.70000000e-01 -2.88990928e+01 -4.70000000e-01 -1.55678579e-01 -4.70000000e-01  1.24922024e-05 -4.70000000e-01  4.37540546e-02 
-4.75000000e-01 -3.02084817e-06 -4.75000000e-01 -2.90062471e+01 -4.75000000e-01 -1.56321855e-01 -4.75000000e-01  1.44994361e-05 -4.75000000e-01  4.37541475e-02 
-4.80000000e-01 -3.49310904e-06 -4.80000000e-01 -2.90922343e+01 -4.80000000e-01 -1.56856540e-01 -4.80000000e-01  1.68226290e-05 -4.80000000e-01  4.37542552e-02 
-4.85000000e-01 -4.04074204e-06 -4.85000000e-01 -2.91592390e+01 -4.85000000e-01 -1.57294678e-01 -4.85000000e-01  1.95100192e-05 -4.85000000e-01  4.37543801e-02 
-4.90000000e-01 -4.67559355e-06 -4.90000000e-01 -2.92091736e+01 -4.90000000e-01 -1.57646874e-01 -4.90000000e-01  2.26168678e-05 -4.90000000e-01  4.37545249e-02 
-4.95000000e-01 -5.41132722e-06 -4.95000000e-01 -2.92436982e+01 -4.95000000e-01 -1.57922398e-01 -4.95000000e-01  2.62064039e-05 -4.95000000e-01  4.37546927e-02 
-5.00000000e-01 -6.26369197e-06 -5.00000000e-01 -2.92642423e+01 -5.00000000e-01 -1.58129306e-01 -5.00000000e-01  3.03508784e-05 -5.00000000e-01  4.37548871e-02 
-5.05000000e-01 -7.25082697e-06 -5.05000000e-01 -2.92720266e+01 -5.05000000e-01 -1.58274550e-01 -5.05000000e-01  3.51327376e-05 -5.05000000e-01  4.37551123e-02 
-5.10000000e-01 -8.39360811e-06 -5.10000000e-01 -2.92680832e+01 -5.10000000e-01 -1.58364096e-01 -5.10000000e-01  4.06459223e-05 -5.10000000e-01  4.37553729e-02 
-5.15000000e-01 -9.71604090e-06 -5.15000000e-01 -2.92532763e+01 -5.15000000e-01 -1.58403022e-01 -5.15000000e-01  4.69973023e-05 -5.15000000e-01  4.37556745e-02 
-5.20000000e-01 -1.12457051e-05 -5.20000000e-01 -2.92283203e+01 -5.20000000e-01 -1.58395625e-01 -5.20000000e-01  5.43082532e-05 -5.20000000e-01  4.37560234e-02 
-5.25000000e-01 -1.30142568e-05 -5.25000000e-01 -2.91937972e+01 -5.25000000e-01 -1.58345507e-01 -5.25000000e-01  6.27163805e-05 -5.25000000e-01  4.37564267e-02 
-5.30000000e-01 -1.50579943e-05 -5.30000000e-01 -2.91501723e+01 -5.30000000e-01 -1.58255660e-01 -5.30000000e-01  7.23773958e-05 -5.30000000e-01  4.37568928e-02 
-5.35000000e-01 -1.74184941e-05 -5.35000000e-01 -2.90978086e+01 -5.35000000e-01 -1.58128539e-01 -5.35000000e-01  8.34671474e-05 -5.35000000e-01  4.37574311e-02 
-5.40000000e-01 -2.01433242e-05 -5.40000000e-01 -2.90369801e+01 -5.40000000e-01 -1.57966137e-01 -5.40000000e-01  9.61838023e-05 -5.40000000e-01  4.37580525e-02 
-5.45000000e-01 -2.32868413e-05 -5.45000000e-01 -2.89678834e+01 -5.45000000e-01 -1.57770037e-01 -5.45000000e-01  1.10750178e-04 -5.45000000e-01  4.37587694e-02 
-5.50000000e-01 -2.69110798e-05 -5.50000000e-01 -2.88906492e+01 -5.50000000e-01 -1.57541477e-01 -5.50000000e-01  1.27416211e-04 -5.50000000e-01  4.37595958e-02 
-5.55000000e-01 -3.10867404e-05 -5.55000000e-01 -2.88053521e+01 -5.55000000e-01 -1.57281394e-01 -5.55000000e-01  1.46461552e-04 -5.55000000e-01  4.37605480e-02 
-5.60000000e-01 -3.58942844e-05 -5.60000000e-01 -2.87120201e+01 -5.60000000e-01 -1.56990475e-01 -5.60000000e-01  1.68198268e-04 -5.60000000e-01  4.37616441e-02 
-5.65000000e-01 -4.14251424e-05 -5.65000000e-01 -2.86106431e+01 -5.65000000e-01 -1.56669193e-01 -5.65000000e-01  1.92973616e-04 -5.65000000e-01  4.37629052e-02 
-5.70000000e-01 -4.77830435e-05 -5.70000000e-01 -2.85011812e+01 -5.70000000e-01 -1.56317853e-01 -5.70000000e-01  2.21172875e-04 -5.70000000e-01  4.37643547e-02 
-5.75000000e-01 -5.50854716e-05 -5.75000000e-01 -2.83835692e+01 -5.75000000e-01 -1.55936620e-01 -5.75000000e-01  2.53222167e-04 -5.75000000e-01  4.37660195e-02 
-5.80000000e-01 -6.34652537e-05 -5.80000000e-01 -2.82577325e+01 -5.80000000e-01 -1.55525558e-01 -5.80000000e-01  2.89591253e-04 -5.80000000e-01  4.37679296e-02 
-5.85000000e-01 -7.30722881e-05 -5.85000000e-01 -2.81235895e+01 -5.85000000e-01 -1.55084662e-01 -5.85000000e-01  3.30796223e-04 -5.85000000e-01  4.37701194e-02 
-5.90000000e-01 -8.40754115e-05 -5.90000000e-01 -2.79810566e+01 -5.90000000e-01 -1.54613881e-01 -5.90000000e-01  3.77402039e-04 -5.90000000e-01  4.37726271e-02 
-5.95000000e-01 -9.66644088e-05 -5.95000000e-01 -2.78300569e+01 -5.95000000e-01 -1.54113154e-01 -5.95000000e-01  4.30024844e-04 -5.95000000e-01  4.37754959e-02 
-6.00000000e-01 -1.11052168e-04 -6.00000000e-01 -2.76705266e+01 -6.00000000e-01 -1.53582433e-01 -6.00000000e-01  4.89333995e-04 -6.00000000e-01  4.37787741e-02 
-6.05000000e-01 -1.27476976e-04 -6.05000000e-01 -2.75024223e+01 -6.05000000e-01 -1.53021711e-01 -6.05000000e-01  5.56053723e-04 -6.05000000e-01  4.37825159e-02 
-6.10000000e-01 -1.46204953e-04 -6.10000000e-01 -2.73257265e+01 -6.10000000e-01 -1.52431045e-01 -6.10000000e-01  6.30964391e-04 -6.10000000e-01  4.37867816e-02 
-6.15000000e-01 -1.67532625e-04 -6.15000000e-01 -2.71404546e+01 -6.15000000e-01 -1.51810580e-01 -6.15000000e-01  7.14903255e-04 -6.15000000e-01  4.37916384e-02 
-6.20000000e-01 -1.91789623e-04 -6.20000000e-01 -2.69466600e+01 -6.20000000e-01 -1.51160574e-01 -6.20000000e-01  8.08764714e-04 -6.20000000e-01  4.37971610e-02 
-6.25000000e-01 -2.19341499e-04 -6.25000000e-01 -2.67444401e+01 -6.25000000e-01 -1.50481412e-01 -6.25000000e-01  9.13500001e-04 -6.25000000e-01  4.38034321e-02 
-6.30000000e-01 -2.50592662e-04 -6.30000000e-01 -2.65339412e+01 -6.30000000e-01 -1.49773633e-01 -6.30000000e-01  1.03011632e-03 -6.30000000e-01  4.38105431e-02 
-6.35000000e-01 -2.85989417e-04 -6.35000000e-01 -2.63153628e+01 -6.35000000e-01 -1.49037940e-01 -6.35000000e-01  1.15967545e-03 -6.35000000e-01  4.38185946e-02 
-6.40000000e-01 -3.26023093e-04 -6.40000000e-01 -2.60889617e+01 -6.40000000e-01 -1.48275215e-01 -6.40000000e-01  1.30329186e-03 -6.40000000e-01  4.38276973e-02 
-6.45000000e-01 -3.71233276e-04 -6.45000000e-01 -2.58550545e+01 -6.45000000e-01 -1.47486534e-01 -6.45000000e-01  1.46213045e-03 -6.45000000e-01  4.38379726e-02 
-6.50000000e-01 -4.22211116e-04 -6.50000000e-01 -2.56140200e+01 -6.50000000e-01 -1.46673170e-01 -6.50000000e-01  1.63740401e-03 -6.50000000e-01  4.38495531e-02 
-6.55000000e-01 -4.79602729e-04 -6.55000000e-01 -2.53662999e+01 -6.55000000e-01 -1.45836599e-01 -6.55000000e-01  1.83037059e-03 -6.55000000e-01  4.38625833e-02 
-6.60000000e-01 -5.44112701e-04 -6.60000000e-01 -2.51123991e+01 -6.60000000e-01 -1.44978499e-01 -6.60000000e-01  2.04233101e-03 -6.60000000e-01  4.38772206e-02 
-6.65000000e-01 -6.16507685e-04 -6.65000000e-01 -2.48528842e+01 -6.65000000e-01 -1.44100751e-01 -6.65000000e-01  2.27462665e-03 -6.65000000e-01  4.38936356e-02 
-6.70000000e-01 -6.97620144e-04 -6.70000000e-01 -2.45883807e+01 -6.70000000e-01 -1.43205423e-01 -6.70000000e-01  2.52863791e-03 -6.70000000e-01  4.39120128e-02 
-6.75000000e-01 -7.88352250e-04 -6.75000000e-01 -2.43195700e+01 -6.75000000e-01 -1.42294766e-01 -6.75000000e-01  2.80578354e-03 -6.75000000e-01  4.39325516e-02 
-6.80000000e-01 -8.89679983e-04 -6.80000000e-01 -2.40471838e+01 -6.80000000e-01 -1.41371192e-01 -6.80000000e-01  3.10752112e-03 -6.80000000e-01  4.39554666e-02 
-6.85000000e-01 -1.00265749e-03 -6.85000000e-01 -2.37719983e+01 -6.85000000e-01 -1.40437256e-01 -6.85000000e-01  3.43534903e-03 -6.85000000e-01  4.39809886e-02 
-6.90000000e-01 -1.12842177e-03 -6.90000000e-01 -2.34948273e+01 -6.90000000e-01 -1.39495633e-01 -6.90000000e-01  3.79081011e-03 -6.90000000e-01  4.40093649e-02 
-6.95000000e-01 -1.26819773e-03 -6.95000000e-01 -2.32165142e+01 -6.95000000e-01 -1.38549090e-01 -6.95000000e-01  4.17549732e-03 -6.95000000e-01  4.40408606e-02 
-7.00000000e-01 -1.42330377e-03 -7.00000000e-01 -2.29379231e+01 -7.00000000e-01 -1.37600459e-01 -7.00000000e-01  4.59106148e-03 -7.00000000e-01  4.40757590e-02 
-7.05000000e-01 -1.59515792e-03 -7.05000000e-01 -2.26599299e+01 -7.05000000e-01 -1.36652605e-01 -7.05000000e-01  5.03922141e-03 -7.05000000e-01  4.41143625e-02 
-7.10000000e-01 -1.78528463e-03 -7.10000000e-01 -2.23834129e+01 -7.10000000e-01 -1.35708394e-01 -7.10000000e-01  5.52177633e-03 -7.10000000e-01  4.41569937e-02 
-7.15000000e-01 -1.99532248e-03 -7.15000000e-01 -2.21092432e+01 -7.15000000e-01 -1.34770662e-01 -7.15000000e-01  6.04062090e-03 -7.15000000e-01  4.42039960e-02 
-7.20000000e-01 -2.22703269e-03 -7.20000000e-01 -2.18382756e+01 -7.20000000e-01 -1.33842185e-01 -7.20000000e-01  6.59776251e-03 -7.20000000e-01  4.42557351e-02 
-7.25000000e-01 -2.48230882e-03 -7.25000000e-01 -2.15713393e+01 -7.25000000e-01 -1.32925644e-01 -7.25000000e-01  7.19534112e-03 -7.25000000e-01  4.43125998e-02 
-7.30000000e-01 -2.76318755e-03 -7.30000000e-01 -2.13092302e+01 -7.30000000e-01 -1.32023606e-01 -7.30000000e-01  7.83565137e-03 -7.30000000e-01  4.43750037e-02 
-7.35000000e-01 -3.07186096e-03 -7.35000000e-01 -2.10527027e+01 -7.35000000e-01 -1.31138490e-01 -7.35000000e-01  8.52116695e-03 -7.35000000e-01  4.44433864e-02 
-7.40000000e-01 -3.41069018e-03 -7.40000000e-01 -2.08024637e+01 -7.40000000e-01 -1.30272549e-01 -7.40000000e-01  9.25456710e-03 -7.40000000e-01  4.45182149e-02 
-7.45000000e-01 -3.78222079e-03 -7.45000000e-01 -2.05591666e+01 -7.45000000e-01 -1.29427851e-01 -7.45000000e-01  1.00387652e-02 -7.45000000e-01  4.45999855e-02 
-7.50000000e-01 -4.18919999e-03 -7.50000000e-01 -2.03234068e+01 -7.50000000e-01 -1.28606265e-01 -7.50000000e-01  1.08769394e-02 -7.50000000e-01  4.46892259e-02 
-7.55000000e-01 -4.63459585e-03 -7.55000000e-01 -2.00957184e+01 -7.55000000e-01 -1.27809444e-01 -7.55000000e-01  1.17725650e-02 -7.55000000e-01  4.47864966e-02 
-7.60000000e-01 -5.12161865e-03 -7.60000000e-01 -1.98765721e+01 -7.60000000e-01 -1.27038826e-01 -7.60000000e-01  1.27294492e-02 -7.60000000e-01  4.48923935e-02 
-7.65000000e-01 -5.65374464e-03 -7.65000000e-01 -1.96663731e+01 -7.65000000e-01 -1.26295621e-01 -7.65000000e-01  1.37517670e-02 -7.65000000e-01  4.50075500e-02 
-7.70000000e-01 -6.23474244e-03 -7.70000000e-01 -1.94654616e+01 -7.70000000e-01 -1.25580818e-01 -7.70000000e-01  1.48441008e-02 -7.70000000e-01  4.51326394e-02 
-7.75000000e-01 -6.86870215e-03 -7.75000000e-01 -1.92741129e+01 -7.75000000e-01 -1.24895179e-01 -7.75000000e-01  1.60114802e-02 -7.75000000e-01  4.52683776e-02 
-7.80000000e-01 -7.56006761e-03 -7.80000000e-01 -1.90925385e+01 -7.80000000e-01 -1.24239252e-01 -7.80000000e-01  1.72594260e-02 -7.80000000e-01  4.54155254e-02 
-7.85000000e-01 -8.31367190e-03 -7.85000000e-01 -1.89208882e+01 -7.85000000e-01 -1.23613370e-01 -7.85000000e-01  1.85939958e-02 -7.85000000e-01  4.55748915e-02 
-7.90000000e-01 -9.13477651e-03 -7.90000000e-01 -1.87592519e+01 -7.90000000e-01 -1.23017665e-01 -7.90000000e-01  2.00218324e-02 -7.90000000e-01  4.57473350e-02 
-7.95000000e-01 -1.00291144e-02 -7.95000000e-01 -1.86076625e+01 -7.95000000e-01 -1.22452073e-01 -7.95000000e-01  2.15502162e-02 -7.95000000e-01  4.59337685e-02 
-8.00000000e-01 -1.10029371e-02 -8.00000000e-01 -1.84660987e+01 -8.00000000e-01 -1.21916347e-01 -8.00000000e-01  2.31871198e-02 -8.00000000e-01  4.61351607e-02 
-8.05000000e-01 -1.20630669e-02 -8.05000000e-01 -1.83344870e+01 -8.05000000e-01 -1.21410066e-01 -8.05000000e-01  2.49412665e-02 -8.05000000e-01  4.63525394e-02 
-8.10000000e-01 -1.32169535e-02 -8.10000000e-01 -1.82127051e+01 -8.10000000e-01 -1.20932647e-01 -8.10000000e-01  2.68221922e-02 -8.10000000e-01  4.65869938e-02 
-8.15000000e-01 -1.44727359e-02 -8.15000000e-01 -1.81005842e+01 -8.15000000e-01 -1.20483351e-01 -8.15000000e-01  2.88403109e-02 -8.15000000e-01  4.68396778e-02 
-8.20000000e-01 -1.58393110e-02 -8.20000000e-01 -1.79979107e+01 -8.20000000e-01 -1.20061296e-01 -8.20000000e-01  3.10069838e-02 -8.20000000e-01  4.71118119e-02 
-8.25000000e-01 -1.73264069e-02 -8.25000000e-01 -1.79044289e+01 -8.25000000e-01 -1.19665467e-01 -8.25000000e-01  3.33345909e-02 -8.25000000e-01  4.74046858e-02 
-8.30000000e-01 -1.89446641e-02 -8.30000000e-01 -1.78198418e+01 -8.30000000e-01 -1.19294716e-01 -8.30000000e-01  3.58366066e-02 -8.30000000e-01  4.77196605e-02 
-8.35000000e-01 -2.07057225e-02 -8.35000000e-01 -1.77438128e+01 -8.35000000e-01 -1.18947777e-01 -8.35000000e-01  3.85276767e-02 -8.35000000e-01  4.80581696e-02 
-8.40000000e-01 -2.26223168e-02 -8.40000000e-01 -1.76759663e+01 -8.40000000e-01 -1.18623268e-01 -8.40000000e-01  4.14236965e-02 -8.40000000e-01  4.84217214e-02 
-8.45000000e-01 -2.47083787e-02 -8.45000000e-01 -1.76158882e+01 -8.45000000e-01 -1.18319693e-01 -8.45000000e-01  4.45418907e-02 -8.45000000e-01  4.88118991e-02 
-8.50000000e-01 -2.69791471e-02 -8.50000000e-01 -1.75631264e+01 -8.50000000e-01 -1.18035451e-01 -8.50000000e-01  4.79008901e-02 -8.50000000e-01  4.92303614e-02 
-8.55000000e-01 -2.94512865e-02 -8.55000000e-01 -1.75171904e+01 -8.55000000e-01 -1.17768836e-01 -8.55000000e-01  5.15208077e-02 -8.55000000e-01  4.96788426e-02 
-8.60000000e-01 -3.21430134e-02 -8.60000000e-01 -1.74775516e+01 -8.60000000e-01 -1.17518040e-01 -8.60000000e-01  5.54233083e-02 -8.60000000e-01  5.01591514e-02 
-8.65000000e-01 -3.50742307e-02 -8.65000000e-01 -1.74436430e+01 -8.65000000e-01 -1.17281159e-01 -8.65000000e-01  5.96316713e-02 -8.65000000e-01  5.06731689e-02 
-8.70000000e-01 -3.82666693e-02 -8.70000000e-01 -1.74148594e+01 -8.70000000e-01 -1.17056194e-01 -8.70000000e-01  6.41708436e-02 -8.70000000e-01  5.12228469e-02 
-8.75000000e-01 -4.17440377e-02 -8.75000000e-01 -1.73905573e+01 -8.75000000e-01 -1.16841053e-01 -8.75000000e-01  6.90674788e-02 -8.75000000e-01  5.18102035e-02 
-8.80000000e-01 -4.55321769e-02 -8.80000000e-01 -1.73700562e+01 -8.80000000e-01 -1.16633561e-01 -8.80000000e-01  7.43499593e-02 -8.80000000e-01  5.24373190e-02 
-8.85000000e-01 -4.96592213e-02 -8.85000000e-01 -1.73526390e+01 -8.85000000e-01 -1.16431464e-01 -8.85000000e-01  8.00483970e-02 -8.85000000e-01  5.31063304e-02 
-8.90000000e-01 -5.41557638e-02 -8.90000000e-01 -1.73375547e+01 -8.90000000e-01 -1.16232437e-01 -8.90000000e-01  8.61946099e-02 -8.90000000e-01  5.38194242e-02 
-8.95000000e-01 -5.90550217e-02 -8.95000000e-01 -1.73240199e+01 -8.95000000e-01 -1.16034095e-01 -8.95000000e-01  9.28220678e-02 -8.95000000e-01  5.45788284e-02 
-9.00000000e-01 -6.43930043e-02 -9.00000000e-01 -1.73112236e+01 -9.00000000e-01 -1.15834005e-01 -9.00000000e-01  9.99658044e-02 -9.00000000e-01  5.53868033e-02 
-9.05000000e-01 -7.02086763e-02 -9.05000000e-01 -1.72983303e+01 -9.05000000e-01 -1.15629705e-01 -9.05000000e-01  1.07662291e-01 -9.05000000e-01  5.62456308e-02 
-9.10000000e-01 -7.65441169e-02 -9.10000000e-01 -1.72844867e+01 -9.10000000e-01 -1.15418718e-01 -9.10000000e-01  1.15949269e-01 -9.10000000e-01  5.71576024e-02 
-9.15000000e-01 -8.34446689e-02 -9.15000000e-01 -1.72688273e+01 -9.15000000e-01 -1.15198573e-01 -9.15000000e-01  1.24865533e-01 -9.15000000e-01  5.81250062e-02 
-9.20000000e-01 -9.09590753e-02 -9.20000000e-01 -1.72504827e+01 -9.20000000e-01 -1.14966832e-01 -9.20000000e-01  1.34450670e-01 -9.20000000e-01  5.91501122e-02 
-9.25000000e-01 -9.91395991e-02 -9.25000000e-01 -1.72285874e+01 -9.25000000e-01 -1.14721114e-01 -9.25000000e-01  1.44744745e-01 -9.25000000e-01  6.02351572e-02 
-9.30000000e-01 -1.08042121e-01 -9.30000000e-01 -1.72022896e+01 -9.30000000e-01 -1.14459119e-01 -9.30000000e-01  1.55787940e-01 -9.30000000e-01  6.13823281e-02 
-9.35000000e-01 -1.17726213e-01 -9.35000000e-01 -1.71707611e+01 -9.35000000e-01 -1.14178663e-01 -9.35000000e-01  1.67620139e-01 -9.35000000e-01  6.25937450e-02 
-9.40000000e-01 -1.28255178e-01 -9.40000000e-01 -1.71332073e+01 -9.40000000e-01 -1.13877705e-01 -9.40000000e-01  1.80280473e-01 -9.40000000e-01  6.38714432e-02 
-9.45000000e-01 -1.39696056e-01 -9.45000000e-01 -1.70888784e+01 -9.45000000e-01 -1.13554373e-01 -9.45000000e-01  1.93806822e-01 -9.45000000e-01  6.52173555e-02 
-9.50000000e-01 -1.52119593e-01 -9.50000000e-01 -1.70370794e+01 -9.50000000e-01 -1.13207000e-01 -9.50000000e-01  2.08235287e-01 -9.50000000e-01  6.66332935e-02 
-9.55000000e-01 -1.65600163e-01 -9.55000000e-01 -1.69771804e+01 -9.55000000e-01 -1.12834147e-01 -9.55000000e-01  2.23599636e-01 -9.55000000e-01  6.81209307e-02 
-9.60000000e-01 -1.80215646e-01 -9.60000000e-01 -1.69086261e+01 -9.60000000e-01 -1.12434625e-01 -9.60000000e-01  2.39930738e-01 -9.60000000e-01  6.96817845e-02 
-9.65000000e-01 -1.96047254e-01 -9.65000000e-01 -1.68309440e+01 -9.65000000e-01 -1.12007522e-01 -9.65000000e-01  2.57256005e-01 -9.65000000e-01  7.13172005e-02 
-9.70000000e-01 -2.13179312e-01 -9.70000000e-01 -1.67437514e+01 -9.70000000e-01 -1.11552214e-01 -9.70000000e-01  2.75598846e-01 -9.70000000e-01  7.30283371e-02 
-9.75000000e-01 -2.31698987e-01 -9.75000000e-01 -1.66467614e+01 -9.75000000e-01 -1.11068382e-01 -9.75000000e-01  2.94978154e-01 -9.75000000e-01  7.48161526e-02 
-9.80000000e-01 -2.51695962e-01 -9.80000000e-01 -1.65397862e+01 -9.80000000e-01 -1.10556015e-01 -9.80000000e-01  3.15407840e-01 -9.80000000e-01  7.66813934e-02 
-9.85000000e-01 -2.73262075e-01 -9.85000000e-01 -1.64227397e+01 -9.85000000e-01 -1.10015411e-01 -9.85000000e-01  3.36896433e-01 -9.85000000e-01  7.86245848e-02 
-9.90000000e-01 -2.96490904e-01 -9.90000000e-01 -1.62956371e+01 -9.90000000e-01 -1.09447176e-01 -9.90000000e-01  3.59446757e-01 -9.90000000e-01  8.06460240e-02 
-9.95000000e-01 -3.21477321e-01 -9.95000000e-01 -1.61585935e+01 -9.95000000e-01 -1.08852210e-01 -9.95000000e-01  3.83055696e-01 -9.95000000e-01  8.27457762e-02 
-1.00000000e+00 -3.48317017e-01 -1.00000000e+00 -1.60118198e+01 -1.00000000e+00 -1.08231689e-01 -1.00000000e+00  4.07714057e-01 -1.00000000e+00  8.49236725e-02 
-1.00500000e+00 -3.77105994e-01 -1.00500000e+00 -1.58556179e+01 -1.00500000e+00 -1.07587053e-01 -1.00500000e+00  4.33406543e-01 -1.00500000e+00  8.71793111e-02 
-1.01000000e+00 -4.07940054e-01 -1.01000000e+00 -1.56903733e+01 -1.01000000e+00 -1.06919970e-01 -1.01000000e+00  4.60111831e-01 -1.01000000e+00  8.95120614e-02 
-1.01500000e+00 -4.40914270e-01 -1.01500000e+00 -1.55165469e+01 -1.01500000e+00 -1.06232317e-01 -1.01500000e+00  4.87802760e-01 -1.01500000e+00  9.19210701e-02 
-1.02000000e+00 -4.76122470e-01 -1.02000000e+00 -1.53346663e+01 -1.02000000e+00 -1.05526143e-01 -1.02000000e+00  5.16446620e-01 -1.02000000e+00  9.44052703e-02 
-1.02500000e+00 -5.13656723e-01 -1.02500000e+00 -1.51453152e+01 -1.02500000e+00 -1.04803636e-01 -1.02500000e+00  5.46005542e-01 -1.02500000e+00  9.69633924e-02 
-1.03000000e+00 -5.53606855e-01 -1.03000000e+00 -1.49491233e+01 -1.03000000e+00 -1.04067095e-01 -1.03000000e+00  5.76436965e-01 -1.03000000e+00  9.95939779e-02 
-1.03500000e+00 -5.96059985e-01 -1.03500000e+00 -1.47467558e+01 -1.03500000e+00 -1.03318890e-01 -1.03500000e+00  6.07694186e-01 -1.03500000e+00  1.02295393e-01 
-1.04000000e+00 -6.41100105e-01 -1.04000000e+00 -1.45389026e+01 -1.04000000e+00 -1.02561431e-01 -1.04000000e+00  6.39726952e-01 -1.04000000e+00  1.05065847e-01 
-1.04500000e+00 -6.88807690e-01 -1.04500000e+00 -1.43262683e+01 -1.04500000e+00 -1.01797138e-01 -1.04500000e+00  6.72482102e-01 -1.04500000e+00  1.07903408e-01 
-1.05000000e+00 -7.39259371e-01 -1.05000000e+00 -1.41095627e+01 -1.05000000e+00 -1.01028411e-01 -1.05000000e+00  7.05904230e-01 -1.05000000e+00  1.10806020e-01 
-1.05500000e+00 -7.92527640e-01 -1.05500000e+00 -1.38894916e+01 -1.05500000e+00 -1.00257603e-01 -1.05500000e+00  7.39936351e-01 -1.05500000e+00  1.13771524e-01 
-1.06000000e+00 -8.48680626e-01 -1.06000000e+00 -1.36667493e+01 -1.06000000e+00 -9.94869952e-02 -1.06000000e+00  7.74520555e-01 -1.06000000e+00  1.16797675e-01 
-1.06500000e+00 -9.07781904e-01 -1.06500000e+00 -1.34420109e+01 -1.06500000e+00 -9.87187798e-02 -1.06500000e+00  8.09598644e-01 -1.06500000e+00  1.19882159e-01 
-1.07000000e+00 -9.69890378e-01 -1.07000000e+00 -1.32159267e+01 -1.07000000e+00 -9.79550401e-02 -1.07000000e+00  8.45112730e-01 -1.07000000e+00  1.23022614e-01 
-1.07500000e+00 -1.03506020e+00 -1.07500000e+00 -1.29891169e+01 -1.07500000e+00 -9.71977379e-02 -1.07500000e+00  8.81005777e-01 -1.07500000e+00  1.26216644e-01 
-1.08000000e+00 -1.10334073e+00 -1.08000000e+00 -1.27621677e+01 -1.08000000e+00 -9.64487029e-02 -1.08000000e+00  9.17222103e-01 -1.08000000e+00  1.29461835e-01 
-1.08500000e+00 -1.17477659e+00 -1.08500000e+00 -1.25356280e+01 -1.08500000e+00 -9.57096252e-02 -1.08500000e+00  9.53707814e-01 -1.08500000e+00  1.32755772e-01 
-1.09000000e+00 -1.24940768e+00 -1.09000000e+00 -1.23100074e+01 -1.09000000e+00 -9.49820508e-02 -1.09000000e+00  9.90411170e-01 -1.09000000e+00  1.36096053e-01 
-1.09500000e+00 -1.32726932e+00 -1.09500000e+00 -1.20857748e+01 -1.09500000e+00 -9.42673796e-02 -1.09500000e+00  1.02728290e+00 -1.09500000e+00  1.39480297e-01 
-1.10000000e+00 -1.40839231e+00 -1.10000000e+00 -1.18633575e+01 -1.10000000e+00 -9.35668660e-02 -1.10000000e+00  1.06427643e+00 -1.10000000e+00  1.42906160e-01 
-1.10500000e+00 -1.49280319e+00 -1.10500000e+00 -1.16431418e+01 -1.10500000e+00 -9.28816206e-02 -1.10500000e+00  1.10134809e+00 -1.10500000e+00  1.46371344e-01 
-1.11000000e+00 -1.58052432e+00 -1.11000000e+00 -1.14254732e+01 -1.11000000e+00 -9.22126148e-02 -1.11000000e+00  1.13845721e+00 -1.11000000e+00  1.49873602e-01 
-1.11500000e+00 -1.67157413e+00 -1.11500000e+00 -1.12106576e+01 -1.11500000e+00 -9.15606859e-02 -1.11500000e+00  1.17556620e+00 -1.11500000e+00  1.53410751e-01 
-1.12000000e+00 -1.76596732e+00 -1.12000000e+00 -1.09989627e+01 -1.12000000e+00 -9.09265434e-02 -1.12000000e+00  1.21264058e+00 -1.12000000e+00  1.56980671e-01 
-1.12500000e+00 -1.86371510e+00 -1.12500000e+00 -1.07906199e+01 -1.12500000e+00 -9.03107766e-02 -1.12500000e+00  1.24964896e+00 -1.12500000e+00  1.60581315e-01 
-1.13000000e+00 -1.96482537e+00 -1.13000000e+00 -1.05858262e+01 -1.13000000e+00 -8.97138618e-02 -1.13000000e+00  1.28656296e+00 -1.13000000e+00  1.64210713e-01 
-1.13500000e+00 -2.06930300e+00 -1.13500000e+00 -1.03847464e+01 -1.13500000e+00 -8.91361711e-02 -1.13500000e+00  1.32335715e+00 -1.13500000e+00  1.67866969e-01 
-1.14000000e+00 -2.17715001e+00 -1.14000000e+00 -1.01875150e+01 -1.14000000e+00 -8.85779803e-02 -1.14000000e+00  1.36000891e+00 -1.14000000e+00  1.71548270e-01 
-1.14500000e+00 -2.28836585e+00 -1.14500000e+00 -9.99423911e+00 -1.14500000e+00 -8.80394776e-02 -1.14500000e+00  1.39649833e+00 -1.14500000e+00  1.75252883e-01 
-1.15000000e+00 -2.40294758e+00 -1.15000000e+00 -9.80500033e+00 -1.15000000e+00 -8.75207714e-02 -1.15000000e+00  1.43280803e+00 -1.15000000e+00  1.78979153e-01 
-1.15500000e+00 -2.52089007e+00 -1.15500000e+00 -9.61985705e+00 -1.15500000e+00 -8.70218987e-02 -1.15500000e+00  1.46892303e+00 -1.15500000e+00  1.82725509e-01 
-1.16000000e+00 -2.64218625e+00 -1.16000000e+00 -9.43884669e+00 -1.16000000e+00 -8.65428324e-02 -1.16000000e+00  1.50483057e+00 -1.16000000e+00  1.86490459e-01 
-1.16500000e+00 -2.76682728e+00 -1.16500000e+00 -9.26198787e+00 -1.16500000e+00 -8.60834890e-02 -1.16500000e+00  1.54051992e+00 -1.16500000e+00  1.90272588e-01 
-1.17000000e+00 -2.89480272e+00 -1.17000000e+00 -9.08928235e+00 -1.17000000e+00 -8.56437356e-02 -1.17000000e+00  1.57598226e+00 -1.17000000e+00  1.94070558e-01 
-1.17500000e+00 -3.02610072e+00 -1.17500000e+00 -8.92071696e+00 -1.17500000e+00 -8.52233958e-02 -1.17500000e+00  1.61121048e+00 -1.17500000e+00  1.97883106e-01 
-1.18000000e+00 -3.16070818e+00 -1.18000000e+00 -8.75626539e+00 -1.18000000e+00 -8.48222564e-02 -1.18000000e+00  1.64619903e+00 -1.18000000e+00  2.01709042e-01 
-1.18500000e+00 -3.29861090e+00 -1.18500000e+00 -8.59588987e+00 -1.18500000e+00 -8.44400722e-02 -1.18500000e+00  1.68094376e+00 -1.18500000e+00  2.05547243e-01 
-1.19000000e+00 -3.43979370e+00 -1.19000000e+00 -8.43954267e+00 -1.19000000e+00 -8.40765721e-02 -1.19000000e+00  1.71544177e+00 -1.19000000e+00  2.09396657e-01 
-1.19500000e+00 -3.58424058e+00 -1.19500000e+00 -8.28716751e+00 -1.19500000e+00 -8.37314628e-02 -1.19500000e+00  1.74969127e+00 -1.19500000e+00  2.13256292e-01 
-1.20000000e+00 -3.73193482e+00 -1.20000000e+00 -8.13870089e+00 -1.20000000e+00 -8.34044335e-02 -1.20000000e+00  1.78369147e+00 -1.20000000e+00  2.17125221e-01 
-1.20500000e+00 -3.88285907e+00 -1.20500000e+00 -7.99407323e+00 -1.20500000e+00 -8.30951596e-02 -1.20500000e+00  1.81744240e+00 -1.20500000e+00  2.21002575e-01 
-1.21000000e+00 -4.03699547e+00 -1.21000000e+00 -7.85320995e+00 -1.21000000e+00 -8.28033061e-02 -1.21000000e+00  1.85094486e+00 -1.21000000e+00  2.24887539e-01 
-1.21500000e+00 -4.19432573e+00 -1.21500000e+00 -7.71603239e+00 -1.21500000e+00 -8.25285306e-02 -1.21500000e+00  1.88420028e+00 -1.21500000e+00  2.28779352e-01 
-1.22000000e+00 -4.35483123e+00 -1.22000000e+00 -7.58245872e+00 -1.22000000e+00 -8.22704861e-02 -1.22000000e+00  1.91721063e+00 -1.22000000e+00  2.32677305e-01 
-1.22500000e+00 -4.51849303e+00 -1.22500000e+00 -7.45240466e+00 -1.22500000e+00 -8.20288233e-02 -1.22500000e+00  1.94997833e+00 -1.22500000e+00  2.36580735e-01 
-1.23000000e+00 -4.68529200e+00 -1.23000000e+00 -7.32578415e+00 -1.23000000e+00 -8.18031926e-02 -1.23000000e+00  1.98250617e+00 -1.23000000e+00  2.40489023e-01 
-1.23500000e+00 -4.85520884e+00 -1.23500000e+00 -7.20251000e+00 -1.23500000e+00 -8.15932462e-02 -1.23500000e+00  2.01479723e+00 -1.23500000e+00  2.44401593e-01 
-1.24000000e+00 -5.02822414e+00 -1.24000000e+00 -7.08249434e+00 -1.24000000e+00 -8.13986392e-02 -1.24000000e+00  2.04685486e+00 -1.24000000e+00  2.48317911e-01 
-1.24500000e+00 -5.20431840e+00 -1.24500000e+00 -6.96564915e+00 -1.24500000e+00 -8.12190316e-02 -1.24500000e+00  2.07868256e+00 -1.24500000e+00  2.52237477e-01 
-1.25000000e+00 -5.38347210e+00 -1.25000000e+00 -6.85188660e+00 -1.25000000e+00 -8.10540887e-02 -1.25000000e+00  2.11028397e+00 -1.25000000e+00  2.56159829e-01 
-1.25500000e+00 -5.56566572e+00 -1.25500000e+00 -6.74111944e+00 -1.25500000e+00 -8.09034829e-02 -1.25500000e+00  2.14166280e+00 -1.25500000e+00  2.60084537e-01 
-1.26000000e+00 -5.75087977e+00 -1.26000000e+00 -6.63326125e+00 -1.26000000e+00 -8.07668939e-02 -1.26000000e+00  2.17282282e+00 -1.26000000e+00  2.64011201e-01 
-1.26500000e+00 -5.93909480e+00 -1.26500000e+00 -6.52822671e+00 -1.26500000e+00 -8.06440095e-02 -1.26500000e+00  2.20376781e+00 -1.26500000e+00  2.67939451e-01 
-1.27000000e+00 -6.13029143e+00 -1.27000000e+00 -6.42593183e+00 -1.27000000e+00 -8.05345263e-02 -1.27000000e+00  2.23450152e+00 -1.27000000e+00  2.71868946e-01 
-1.27500000e+00 -6.32445036e+00 -1.27500000e+00 -6.32629408e+00 -1.27500000e+00 -8.04381502e-02 -1.27500000e+00  2.26502767e+00 -1.27500000e+00  2.75799366e-01 
-1.28000000e+00 -6.52155242e+00 -1.28000000e+00 -6.22923258e+00 -1.28000000e+00 -8.03545964e-02 -1.28000000e+00  2.29534989e+00 -1.28000000e+00  2.79730419e-01 
-1.28500000e+00 -6.72157851e+00 -1.28500000e+00 -6.13466818e+00 -1.28500000e+00 -8.02835900e-02 -1.28500000e+00  2.32547175e+00 -1.28500000e+00  2.83661833e-01 
-1.29000000e+00 -6.92450968e+00 -1.29000000e+00 -6.04252356e+00 -1.29000000e+00 -8.02248660e-02 -1.29000000e+00  2.35539672e+00 -1.29000000e+00  2.87593356e-01 
-1.29500000e+00 -7.13032710e+00 -1.29500000e+00 -5.95272333e+00 -1.29500000e+00 -8.01781696e-02 -1.29500000e+00  2.38512813e+00 -1.29500000e+00  2.91524757e-01 
-1.30000000e+00 -7.33901205e+00 -1.30000000e+00 -5.86519403e+00 -1.30000000e+00 -8.01432560e-02 -1.30000000e+00  2.41466923e+00 -1.30000000e+00  2.95455823e-01 
-1.30500000e+00 -7.55054598e+00 -1.30500000e+00 -5.77986419e+00 -1.30500000e+00 -8.01198906e-02 -1.30500000e+00  2.44402311e+00 -1.30500000e+00  2.99386357e-01 
-1.31000000e+00 -7.76491044e+00 -1.31000000e+00 -5.69666437e+00 -1.31000000e+00 -8.01078490e-02 -1.31000000e+00  2.47319274e+00 -1.31000000e+00  3.03316176e-01 
-1.31500000e+00 -7.98208714e+00 -1.31500000e+00 -5.61552714e+00 -1.31500000e+00 -8.01069166e-02 -1.31500000e+00  2.50218094e+00 -1.31500000e+00  3.07245114e-01 
-1.32000000e+00 -8.20205792e+00 -1.32000000e+00 -5.53638707e+00 -1.32000000e+00 -8.01168893e-02 -1.32000000e+00  2.53099041e+00 -1.32000000e+00  3.11173018e-01 
-1.32500000e+00 -8.42480476e+00 -1.32500000e+00 -5.45918076e+00 -1.32500000e+00 -8.01375723e-02 -1.32500000e+00  2.55962368e+00 -1.32500000e+00  3.15099748e-01 
-1.33000000e+00 -8.65030974e+00 -1.33000000e+00 -5.38384677e+00 -1.33000000e+00 -8.01687809e-02 -1.33000000e+00  2.58808315e+00 -1.33000000e+00  3.19025173e-01 
-1.33500000e+00 -8.87855511e+00 -1.33500000e+00 -5.31032564e+00 -1.33500000e+00 -8.02103399e-02 -1.33500000e+00  2.61637108e+00 -1.33500000e+00  3.22949175e-01 
-1.34000000e+00 -9.10952323e+00 -1.34000000e+00 -5.23855982e+00 -1.34000000e+00 -8.02620835e-02 -1.34000000e+00  2.64448959e+00 -1.34000000e+00  3.26871648e-01 
-1.34500000e+00 -9.34319658e+00 -1.34500000e+00 -5.16849365e+00 -1.34500000e+00 -8.03238553e-02 -1.34500000e+00  2.67244065e+00 -1.34500000e+00  3.30792491e-01 
-1.35000000e+00 -9.57955776e+00 -1.35000000e+00 -5.10007335e+00 -1.35000000e+00 -8.03955080e-02 -1.35000000e+00  2.70022610e+00 -1.35000000e+00  3.34711615e-01 
-1.35500000e+00 -9.81858947e+00 -1.35500000e+00 -5.03324692e+00 -1.35500000e+00 -8.04769030e-02 -1.35500000e+00  2.72784765e+00 -1.35500000e+00  3.38628937e-01 
-1.36000000e+00 -1.00602745e+01 -1.36000000e+00 -4.96796414e+00 -1.36000000e+00 -8.05679108e-02 -1.36000000e+00  2.75530688e+00 -1.36000000e+00  3.42544385e-01 
-1.36500000e+00 -1.03045959e+01 -1.36500000e+00 -4.90417650e+00 -1.36500000e+00 -8.06684102e-02 -1.36500000e+00  2.78260524e+00 -1.36500000e+00  3.46457889e-01 
-1.37000000e+00 -1.05515366e+01 -1.37000000e+00 -4.84183717e+00 -1.37000000e+00 -8.07782885e-02 -1.37000000e+00  2.80974405e+00 -1.37000000e+00  3.50369389e-01 
-1.37500000e+00 -1.08010796e+01 -1.37500000e+00 -4.78090094e+00 -1.37500000e+00 -8.08974413e-02 -1.37500000e+00  2.83672452e+00 -1.37500000e+00  3.54278831e-01 
-1.38000000e+00 -1.10532083e+01 -1.38000000e+00 -4.72132417e+00 -1.38000000e+00 -8.10257723e-02 -1.38000000e+00  2.86354775e+00 -1.38000000e+00  3.58186165e-01 
-1.38500000e+00 -1.13079060e+01 -1.38500000e+00 -4.66306477e+00 -1.38500000e+00 -8.11631930e-02 -1.38500000e+00  2.89021474e+00 -1.38500000e+00  3.62091347e-01 
-1.39000000e+00 -1.15651559e+01 -1.39000000e+00 -4.60608210e+00 -1.39000000e+00 -8.13096226e-02 -1.39000000e+00  2.91672635e+00 -1.39000000e+00  3.65994338e-01 
-1.39500000e+00 -1.18249415e+01 -1.39500000e+00 -4.55033695e+00 -1.39500000e+00 -8.14649881e-02 -1.39500000e+00  2.94308336e+00 -1.39500000e+00  3.69895103e-01 
-1.40000000e+00 -1.20872464e+01 -1.40000000e+00 -4.49579152e+00 -1.40000000e+00 -8.16292237e-02 -1.40000000e+00  2.96928647e+00 -1.40000000e+00  3.73793612e-01 
-1.40500000e+00 -1.23520540e+01 -1.40500000e+00 -4.44240931e+00 -1.40500000e+00 -8.18022712e-02 -1.40500000e+00  2.99533626e+00 -1.40500000e+00  3.77689837e-01 
-1.41000000e+00 -1.26193481e+01 -1.41000000e+00 -4.39015513e+00 -1.41000000e+00 -8.19840795e-02 -1.41000000e+00  3.02123323e+00 -1.41000000e+00  3.81583755e-01 
-1.41500000e+00 -1.28891124e+01 -1.41500000e+00 -4.33899502e+00 -1.41500000e+00 -8.21746043e-02 -1.41500000e+00  3.04697780e+00 -1.41500000e+00  3.85475347e-01 
-1.42000000e+00 -1.31613304e+01 -1.42000000e+00 -4.28889624e+00 -1.42000000e+00 -8.23738087e-02 -1.42000000e+00  3.07257031e+00 -1.42000000e+00  3.89364596e-01 
-1.42500000e+00 -1.34359861e+01 -1.42500000e+00 -4.23982717e+00 -1.42500000e+00 -8.25816623e-02 -1.42500000e+00  3.09801102e+00 -1.42500000e+00  3.93251488e-01 
-1.43000000e+00 -1.37130633e+01 -1.43000000e+00 -4.19175734e+00 -1.43000000e+00 -8.27981418e-02 -1.43000000e+00  3.12330012e+00 -1.43000000e+00  3.97136012e-01 
-1.43500000e+00 -1.39925457e+01 -1.43500000e+00 -4.14465732e+00 -1.43500000e+00 -8.30232302e-02 -1.43500000e+00  3.14843772e+00 -1.43500000e+00  4.01018158e-01 
-1.44000000e+00 -1.42744174e+01 -1.44000000e+00 -4.09849874e+00 -1.44000000e+00 -8.32569173e-02 -1.44000000e+00  3.17342388e+00 -1.44000000e+00  4.04897922e-01 
-1.44500000e+00 -1.45586622e+01 -1.44500000e+00 -4.05325421e+00 -1.44500000e+00 -8.34991995e-02 -1.44500000e+00  3.19825859e+00 -1.44500000e+00  4.08775297e-01 
-1.45000000e+00 -1.48452640e+01 -1.45000000e+00 -4.00889729e+00 -1.45000000e+00 -8.37500797e-02 -1.45000000e+00  3.22294178e+00 -1.45000000e+00  4.12650281e-01 
-1.45500000e+00 -1.51342069e+01 -1.45500000e+00 -3.96540248e+00 -1.45500000e+00 -8.40095669e-02 -1.45500000e+00  3.24747333e+00 -1.45500000e+00  4.16522875e-01 
-1.46000000e+00 -1.54254747e+01 -1.46000000e+00 -3.92274515e+00 -1.46000000e+00 -8.42776770e-02 -1.46000000e+00  3.27185305e+00 -1.46000000e+00  4.20393079e-01 
-1.46500000e+00 -1.57190516e+01 -1.46500000e+00 -3.88090153e+00 -1.46500000e+00 -8.45544318e-02 -1.46500000e+00  3.29608071e+00 -1.46500000e+00  4.24260896e-01 
-1.47000000e+00 -1.60149214e+01 -1.47000000e+00 -3.83984865e+00 -1.47000000e+00 -8.48398597e-02 -1.47000000e+00  3.32015603e+00 -1.47000000e+00  4.28126330e-01 
-1.47500000e+00 -1.63130683e+01 -1.47500000e+00 -3.79956436e+00 -1.47500000e+00 -8.51339955e-02 -1.47500000e+00  3.34407870e+00 -1.47500000e+00  4.31989387e-01 
-1.48000000e+00 -1.66134762e+01 -1.48000000e+00 -3.76002725e+00 -1.48000000e+00 -8.54368801e-02 -1.48000000e+00  3.36784833e+00 -1.48000000e+00  4.35850073e-01 
-1.48500000e+00 -1.69161291e+01 -1.48500000e+00 -3.72121663e+00 -1.48500000e+00 -8.57485610e-02 -1.48500000e+00  3.39146453e+00 -1.48500000e+00  4.39708396e-01 
-1.49000000e+00 -1.72210110e+01 -1.49000000e+00 -3.68311254e+00 -1.49000000e+00 -8.60690919e-02 -1.49000000e+00  3.41492683e+00 -1.49000000e+00  4.43564365e-01 
-1.49500000e+00 -1.75281060e+01 -1.49500000e+00 -3.64569565e+00 -1.49500000e+00 -8.63985331e-02 -1.49500000e+00  3.43823474e+00 -1.49500000e+00  4.47417991e-01 
-1.50000000e+00 -1.78373981e+01 -1.50000000e+00 -3.60894731e+00 -1.50000000e+00 -8.67369512e-02 -1.50000000e+00  3.46138775e+00 -1.50000000e+00  4.51269285e-01 
-1.50500000e+00 -1.81488712e+01 -1.50500000e+00 -3.57284949e+00 -1.50500000e+00 -8.70844194e-02 -1.50500000e+00  3.48438529e+00 -1.50500000e+00  4.55118258e-01 
-1.51000000e+00 -1.84625093e+01 -1.51000000e+00 -3.53738476e+00 -1.51000000e+00 -8.74410173e-02 -1.51000000e+00  3.50722676e+00 -1.51000000e+00  4.58964923e-01 
-1.51500000e+00 -1.87782964e+01 -1.51500000e+00 -3.50253624e+00 -1.51500000e+00 -8.78068314e-02 -1.51500000e+00  3.52991154e+00 -1.51500000e+00  4.62809293e-01 
-1.52000000e+00 -1.90962164e+01 -1.52000000e+00 -3.46828764e+00 -1.52000000e+00 -8.81819549e-02 -1.52000000e+00  3.55243897e+00 -1.52000000e+00  4.66651383e-01 
-1.52500000e+00 -1.94162533e+01 -1.52500000e+00 -3.43462317e+00 -1.52500000e+00 -8.85664877e-02 -1.52500000e+00  3.57480835e+00 -1.52500000e+00  4.70491207e-01 
-1.53000000e+00 -1.97383908e+01 -1.53000000e+00 -3.40152757e+00 -1.53000000e+00 -8.89605367e-02 -1.53000000e+00  3.59701898e+00 -1.53000000e+00  4.74328781e-01 
-1.53500000e+00 -2.00626129e+01 -1.53500000e+00 -3.36898607e+00 -1.53500000e+00 -8.93642160e-02 -1.53500000e+00  3.61907010e+00 -1.53500000e+00  4.78164121e-01 
-1.54000000e+00 -2.03889034e+01 -1.54000000e+00 -3.33698438e+00 -1.54000000e+00 -8.97776469e-02 -1.54000000e+00  3.64096094e+00 -1.54000000e+00  4.81997243e-01 
-1.54500000e+00 -2.07172462e+01 -1.54500000e+00 -3.30550864e+00 -1.54500000e+00 -9.02009578e-02 -1.54500000e+00  3.66269069e+00 -1.54500000e+00  4.85828164e-01 
-1.55000000e+00 -2.10476249e+01 -1.55000000e+00 -3.27454546e+00 -1.55000000e+00 -9.06342851e-02 -1.55000000e+00  3.68425853e+00 -1.55000000e+00  4.89656902e-01 
-1.55500000e+00 -2.13800233e+01 -1.55500000e+00 -3.24408184e+00 -1.55500000e+00 -9.10777724e-02 -1.55500000e+00  3.70566359e+00 -1.55500000e+00  4.93483475e-01 
-1.56000000e+00 -2.17144251e+01 -1.56000000e+00 -3.21410520e+00 -1.56000000e+00 -9.15315716e-02 -1.56000000e+00  3.72690500e+00 -1.56000000e+00  4.97307901e-01 
-1.56500000e+00 -2.20508140e+01 -1.56500000e+00 -3.18460337e+00 -1.56500000e+00 -9.19958425e-02 -1.56500000e+00  3.74798184e+00 -1.56500000e+00  5.01130198e-01 
-1.57000000e+00 -2.23891735e+01 -1.57000000e+00 -3.15556451e+00 -1.57000000e+00 -9.24707534e-02 -1.57000000e+00  3.76889317e+00 -1.57000000e+00  5.04950386e-01 
-1.57500000e+00 -2.27294872e+01 -1.57500000e+00 -3.12697717e+00 -1.57500000e+00 -9.29564810e-02 -1.57500000e+00  3.78963805e+00 -1.57500000e+00  5.08768483e-01 
-1.58000000e+00 -2.30717386e+01 -1.58000000e+00 -3.09883024e+00 -1.58000000e+00 -9.34532109e-02 -1.58000000e+00  3.81021546e+00 -1.58000000e+00  5.12584510e-01 
-1.58500000e+00 -2.34159111e+01 -1.58500000e+00 -3.07111296e+00 -1.58500000e+00 -9.39611378e-02 -1.58500000e+00  3.83062440e+00 -1.58500000e+00  5.16398486e-01 
-1.59000000e+00 -2.37619883e+01 -1.59000000e+00 -3.04381485e+00 -1.59000000e+00 -9.44804658e-02 -1.59000000e+00  3.85086382e+00 -1.59000000e+00  5.20210432e-01 
-1.59500000e+00 -2.41099533e+01 -1.59500000e+00 -3.01692577e+00 -1.59500000e+00 -9.50114087e-02 -1.59500000e+00  3.87093265e+00 -1.59500000e+00  5.24020368e-01 
-1.60000000e+00 -2.44597894e+01 -1.60000000e+00 -2.99043589e+00 -1.60000000e+00 -9.55541902e-02 -1.60000000e+00  3.89082978e+00 -1.60000000e+00  5.27828315e-01 
-1.60500000e+00 -2.48114800e+01 -1.60500000e+00 -2.96433562e+00 -1.60500000e+00 -9.61090447e-02 -1.60500000e+00  3.91055409e+00 -1.60500000e+00  5.31634293e-01 
-1.61000000e+00 -2.51650081e+01 -1.61000000e+00 -2.93861568e+00 -1.61000000e+00 -9.66762169e-02 -1.61000000e+00  3.93010442e+00 -1.61000000e+00  5.35438323e-01 
-1.61500000e+00 -2.55203567e+01 -1.61500000e+00 -2.91326706e+00 -1.61500000e+00 -9.72559631e-02 -1.61500000e+00  3.94947956e+00 -1.61500000e+00  5.39240427e-01 
-1.62000000e+00 -2.58775090e+01 -1.62000000e+00 -2.88828097e+00 -1.62000000e+00 -9.78485508e-02 -1.62000000e+00  3.96867830e+00 -1.62000000e+00  5.43040627e-01 
-1.62500000e+00 -2.62364478e+01 -1.62500000e+00 -2.86364890e+00 -1.62500000e+00 -9.84542597e-02 -1.62500000e+00  3.98769938e+00 -1.62500000e+00  5.46838944e-01 
-1.63000000e+00 -2.65971560e+01 -1.63000000e+00 -2.83936256e+00 -1.63000000e+00 -9.90733818e-02 -1.63000000e+00  4.00654150e+00 -1.63000000e+00  5.50635399e-01 
-1.63500000e+00 -2.69596163e+01 -1.63500000e+00 -2.81541389e+00 -1.63500000e+00 -9.97062222e-02 -1.63500000e+00  4.02520335e+00 -1.63500000e+00  5.54430015e-01 
-1.64000000e+00 -2.73238115e+01 -1.64000000e+00 -2.79179503e+00 -1.64000000e+00 -1.00353099e-01 -1.64000000e+00  4.04368354e+00 -1.64000000e+00  5.58222814e-01 
-1.64500000e+00 -2.76897240e+01 -1.64500000e+00 -2.76849837e+00 -1.64500000e+00 -1.01014346e-01 -1.64500000e+00  4.06198069e+00 -1.64500000e+00  5.62013818e-01 
-1.65000000e+00 -2.80573364e+01 -1.65000000e+00 -2.74551646e+00 -1.65000000e+00 -1.01690309e-01 -1.65000000e+00  4.08009333e+00 -1.65000000e+00  5.65803049e-01 
-1.65500000e+00 -2.84266311e+01 -1.65500000e+00 -2.72284207e+00 -1.65500000e+00 -1.02381350e-01 -1.65500000e+00  4.09802000e+00 -1.65500000e+00  5.69590530e-01 
-1.66000000e+00 -2.87975904e+01 -1.66000000e+00 -2.70046816e+00 -1.66000000e+00 -1.03087849e-01 -1.66000000e+00  4.11575915e+00 -1.66000000e+00  5.73376284e-01 
-1.66500000e+00 -2.91701964e+01 -1.66500000e+00 -2.67838784e+00 -1.66500000e+00 -1.03810198e-01 -1.66500000e+00  4.13330921e+00 -1.66500000e+00  5.77160333e-01 
-1.67000000e+00 -2.95444312e+01 -1.67000000e+00 -2.65659443e+00 -1.67000000e+00 -1.04548811e-01 -1.67000000e+00  4.15066856e+00 -1.67000000e+00  5.80942700e-01 
-1.67500000e+00 -2.99202768e+01 -1.67500000e+00 -2.63508139e+00 -1.67500000e+00 -1.05304117e-01 -1.67500000e+00  4.16783551e+00 -1.67500000e+00  5.84723408e-01 
-1.68000000e+00 -3.02977150e+01 -1.68000000e+00 -2.61384235e+00 -1.68000000e+00 -1.06076565e-01 -1.68000000e+00  4.18480835e+00 -1.68000000e+00  5.88502480e-01 
-1.68500000e+00 -3.06767275e+01 -1.68500000e+00 -2.59287109e+00 -1.68500000e+00 -1.06866621e-01 -1.68500000e+00  4.20158528e+00 -1.68500000e+00  5.92279940e-01 
-1.69000000e+00 -3.10572959e+01 -1.69000000e+00 -2.57216154e+00 -1.69000000e+00 -1.07674776e-01 -1.69000000e+00  4.21816447e+00 -1.69000000e+00  5.96055810e-01 
-1.69500000e+00 -3.14394017e+01 -1.69500000e+00 -2.55170777e+00 -1.69500000e+00 -1.08501538e-01 -1.69500000e+00  4.23454401e+00 -1.69500000e+00  5.99830115e-01 
-1.70000000e+00 -3.18230260e+01 -1.70000000e+00 -2.53150398e+00 -1.70000000e+00 -1.09347439e-01 -1.70000000e+00  4.25072194e+00 -1.70000000e+00  6.03602876e-01 
-1.70500000e+00 -3.22081501e+01 -1.70500000e+00 -2.51154450e+00 -1.70500000e+00 -1.10213034e-01 -1.70500000e+00  4.26669623e+00 -1.70500000e+00  6.07374119e-01 
-1.71000000e+00 -3.25947549e+01 -1.71000000e+00 -2.49182381e+00 -1.71000000e+00 -1.11098902e-01 -1.71000000e+00  4.28246477e+00 -1.71000000e+00  6.11143867e-01 
-1.71500000e+00 -3.29828212e+01 -1.71500000e+00 -2.47233648e+00 -1.71500000e+00 -1.12005648e-01 -1.71500000e+00  4.29802539e+00 -1.71500000e+00  6.14912143e-01 
-1.72000000e+00 -3.33723298e+01 -1.72000000e+00 -2.45307719e+00 -1.72000000e+00 -1.12933902e-01 -1.72000000e+00  4.31337583e+00 -1.72000000e+00  6.18678971e-01 
-1.72500000e+00 -3.37632611e+01 -1.72500000e+00 -2.43404076e+00 -1.72500000e+00 -1.13884322e-01 -1.72500000e+00  4.32851377e+00 -1.72500000e+00  6.22444376e-01 
-1.73000000e+00 -3.41555953e+01 -1.73000000e+00 -2.41522210e+00 -1.73000000e+00 -1.14857595e-01 -1.73000000e+00  4.34343679e+00 -1.73000000e+00  6.26208381e-01 
-1.73500000e+00 -3.45493125e+01 -1.73500000e+00 -2.39661621e+00 -1.73500000e+00 -1.15854437e-01 -1.73500000e+00  4.35814238e+00 -1.73500000e+00  6.29971011e-01 
-1.74000000e+00 -3.49443928e+01 -1.74000000e+00 -2.37821819e+00 -1.74000000e+00 -1.16875595e-01 -1.74000000e+00  4.37262795e+00 -1.74000000e+00  6.33732290e-01 
-1.74500000e+00 -3.53408156e+01 -1.74500000e+00 -2.36002324e+00 -1.74500000e+00 -1.17921849e-01 -1.74500000e+00  4.38689081e+00 -1.74500000e+00  6.37492242e-01 
-1.75000000e+00 -3.57385606e+01 -1.75000000e+00 -2.34202665e+00 -1.75000000e+00 -1.18994013e-01 -1.75000000e+00  4.40092816e+00 -1.75000000e+00  6.41250891e-01 
-1.75500000e+00 -3.61376068e+01 -1.75500000e+00 -2.32422377e+00 -1.75500000e+00 -1.20092935e-01 -1.75500000e+00  4.41473711e+00 -1.75500000e+00  6.45008263e-01 
-1.76000000e+00 -3.65379334e+01 -1.76000000e+00 -2.30661006e+00 -1.76000000e+00 -1.21219498e-01 -1.76000000e+00  4.42831464e+00 -1.76000000e+00  6.48764381e-01 
-1.76500000e+00 -3.69395191e+01 -1.76500000e+00 -2.28918103e+00 -1.76500000e+00 -1.22374625e-01 -1.76500000e+00  4.44165765e+00 -1.76500000e+00  6.52519271e-01 
-1.77000000e+00 -3.73423422e+01 -1.77000000e+00 -2.27193227e+00 -1.77000000e+00 -1.23559276e-01 -1.77000000e+00  4.45476289e+00 -1.77000000e+00  6.56272957e-01 
-1.77500000e+00 -3.77463812e+01 -1.77500000e+00 -2.25485945e+00 -1.77500000e+00 -1.24774452e-01 -1.77500000e+00  4.46762700e+00 -1.77500000e+00  6.60025465e-01 
-1.78000000e+00 -3.81516137e+01 -1.78000000e+00 -2.23795828e+00 -1.78000000e+00 -1.26021196e-01 -1.78000000e+00  4.48024649e+00 -1.78000000e+00  6.63776820e-01 
-1.78500000e+00 -3.85580176e+01 -1.78500000e+00 -2.22122454e+00 -1.78500000e+00 -1.27300593e-01 -1.78500000e+00  4.49261773e+00 -1.78500000e+00  6.67527046e-01 
-1.79000000e+00 -3.89655701e+01 -1.79000000e+00 -2.20465409e+00 -1.79000000e+00 -1.28613772e-01 -1.79000000e+00  4.50473697e+00 -1.79000000e+00  6.71276170e-01 
-1.79500000e+00 -3.93742482e+01 -1.79500000e+00 -2.18824282e+00 -1.79500000e+00 -1.29961908e-01 -1.79500000e+00  4.51660030e+00 -1.79500000e+00  6.75024216e-01 
-1.80000000e+00 -3.97840286e+01 -1.80000000e+00 -2.17198668e+00 -1.80000000e+00 -1.31346220e-01 -1.80000000e+00  4.52820367e+00 -1.80000000e+00  6.78771211e-01 
